
------------------------------------------------------------------------------------------------------------------------------------
All maxima | (local maximum, local maximiser)
Max no. 0 | (0.0015823382445059667, array([ 1.58895577,  1.22405451,  1.23144235,  1.22987247,  0.44909939,
        6.03832503, 11.2512007 ,  1.83994775, 11.21483846]))
Max no. 1 | (0.0010670784744730155, array([ 1.58906428,  1.7106743 ,  1.19145669,  1.2440611 ,  0.47630929,
        2.31454989, 12.24950748,  1.8707435 , 12.24897733]))
Max no. 2 | (0.0006653599557169933, array([ 1.58900903,  2.28202072,  1.18237959,  1.27614132,  0.40001173,
       12.24517881, 10.03174377,  1.8622644 ,  4.98486283]))
Max no. 3 | (0.0004002645700467121, array([ 1.58898189,  0.27844026,  1.14229746,  1.18415811,  0.4       ,
       10.67265121,  5.49098908,  1.83213225, 12.14373614]))
Max no. 4 | (0.00027956941891139984, array([ 1.58899743,  0.67378118,  1.27652713,  1.14514307,  0.40161615,
       12.25      , 11.88948706,  1.86872896,  9.047435  ]))
Max no. 5 | (0.0002695473514388409, array([1.58902097, 1.09547142, 1.18418703, 1.17502323, 0.4530857 ,
       6.13564439, 3.71304009, 1.85858212, 5.8122798 ]))
------------------------------------------------------------------------------------------------------------------------------------
