
------------------------------------------------------------------------------------------------------------------------------------
All maxima | (local maximum, local maximiser)
Max no. 0 | (0.0005958859890101698, array([ 1.5889991 ,  1.88746937,  1.18187431,  1.18088054,  0.48431871,
       10.91294287, 10.55425534,  1.84049984,  7.72484118]))
Max no. 1 | (0.00041562079994199915, array([ 1.5889991 ,  2.06013199,  1.18583878,  1.17691261,  0.48431871,
        9.72239247, 11.74627111,  1.84049984,  7.72484118]))
Max no. 2 | (0.0002740633122098046, array([ 1.5889991 ,  1.39424403,  1.1901228 ,  1.22143188,  0.48431871,
       11.72956593,  9.45242379,  1.84049984,  7.72484118]))
Max no. 3 | (0.0002503833756054563, array([ 1.5889991 ,  1.04980426,  1.17394289,  1.1729492 ,  0.48431871,
        8.53814775, 10.08613512,  1.84049984,  7.72484118]))
Max no. 4 | (0.00019005548109163328, array([ 1.5889991 ,  0.71598096,  1.19972322,  1.17492586,  0.48431871,
       12.22097942,  8.52974199,  1.84049984,  7.72484118]))
Max no. 5 | (0.00010472691538687684, array([ 1.5889991 ,  0.30287782,  1.22375203,  1.18250545,  0.48431871,
        9.57916069, 11.73354847,  1.84049984,  7.72484118]))
------------------------------------------------------------------------------------------------------------------------------------
