
------------------------------------------------------------------------------------------------------------------------------------
All maxima | (local maximum, local maximiser)
Max no. 0 | (0.0008691968217703905, array([ 1.58919988,  2.01769097,  0.51576379,  1.44588914,  0.52597616,
        3.30381865, 10.42311212,  1.43600099, 12.21706316]))
Max no. 1 | (0.00042517161695698746, array([ 1.58911855,  1.72069056,  1.38011589,  0.86399467,  0.19353138,
       11.30184667, 10.26661846,  0.14563043, 11.99131579]))
Max no. 2 | (0.0003580805828313771, array([ 1.58887391,  0.474932  ,  1.1103628 ,  1.17435221,  0.42787176,
        7.56116576, 12.00105677,  1.39217522, 12.06855171]))
Max no. 3 | (0.00022007054193551312, array([1.58884236, 1.17194745, 0.17571107, 1.52755722, 0.27522564,
       7.67883331, 8.02411297, 2.32796509, 2.84840284]))
Max no. 4 | (0.0001739246383593851, array([1.58909488, 1.36981748, 0.98429509, 0.79064301, 0.64511634,
       1.90543876, 3.21550176, 1.26843551, 8.624128  ]))
Max no. 5 | (0.00015732242467692004, array([ 1.58926663,  0.2150497 ,  1.08022271,  1.22654237,  0.0476697 ,
       12.25      ,  8.61858265,  2.383485  , 11.9583054 ]))
------------------------------------------------------------------------------------------------------------------------------------

------------------------------------------------------------------------------------------------------------------------------------
All maxima | (local maximum, local maximiser)
Max no. 0 | (0.0008099458508573874, array([ 1.58905637,  0.41048908,  0.77894652,  1.14324947,  0.79449069,
        6.71126885, 11.00321779,  0.01589101,  1.21000223]))
Max no. 1 | (0.0004181872003155007, array([ 1.58901692,  1.72069044,  1.38011413,  0.86399246,  0.19353143,
       11.3018343 , 10.26661172,  0.14562704, 11.99131423]))
Max no. 2 | (0.00020607610207790117, array([1.58894787, 1.17194819, 0.17571788, 1.52755892, 0.27522644,
       7.67884531, 8.02415911, 2.32796   , 2.84834228]))
Max no. 3 | (0.00020059338753788502, array([1.589011  , 1.36981359, 0.98443261, 0.79038288, 0.64492573,
       1.90680964, 3.21702758, 1.26907308, 8.62594716]))
Max no. 4 | (0.00019951348589852813, array([1.58897746, 0.75864879, 1.08167472, 0.96153713, 0.61391764,
       9.21428453, 5.42715364, 2.06742594, 5.7624796 ]))
Max no. 5 | (0.00014060097297669862, array([ 1.58897204,  2.08872096,  0.04796732,  1.32608233,  0.29041652,
       12.17999836,  2.78539684,  0.31876356,  2.5450205 ]))
------------------------------------------------------------------------------------------------------------------------------------
