
------------------------------------------------------------------------------------------------------------------------------------
All maxima | (local maximum, local maximiser)
Max no. 0 | (np.float64(0.0001340946841044444), array([ 1.64184168,  0.3614588 ,  0.32036816,  0.049335  ,  0.71383936,
        5.92012033, 10.32541329,  0.42761596,  4.61280606]))
Max no. 1 | (np.float64(0.00013343158544803024), array([ 1.64133455,  0.37329641,  0.32557339,  0.04993451,  0.71047403,
        5.90539655, 10.308826  ,  0.42360357,  4.60114937]))
Max no. 2 | (np.float64(0.00012261795410620818), array([ 1.64187453,  0.34962107,  0.32991143,  0.04672863,  0.71013152,
        5.96900679, 10.31662609,  0.42808867,  4.60539726]))
Max no. 3 | (np.float64(0.00011725140238546838), array([ 1.6412739 ,  0.38513439,  0.32644838,  0.04658598,  0.70991595,
        5.95519374, 10.30129952,  0.4197348 ,  4.56668014]))
Max no. 4 | (np.float64(0.00011217082192918731), array([ 1.64160642,  0.33778273,  0.33653287,  0.04659289,  0.70990996,
        5.98414422, 10.30733902,  0.44049191,  4.58451269]))
Max no. 5 | (np.float64(0.00010529612313488996), array([ 1.64200276,  0.32594509,  0.33792838,  0.04660142,  0.70990528,
        5.98894385, 10.31984212,  0.44085881,  4.59671182]))
Max no. 6 | (np.float64(0.00010308432311051749), array([ 1.63967613,  0.44432874,  0.34055202,  0.05110622,  0.70783943,
        5.87476827, 10.45450935,  0.58433145,  4.55713366]))
Max no. 7 | (np.float64(0.000100773420526683), array([ 1.64133776,  0.3969725 ,  0.32523301,  0.04572588,  0.70975737,
        5.95741803, 10.30044092,  0.41953122,  4.56244617]))
Max no. 8 | (np.float64(0.00010005780484514521), array([ 1.64034689,  0.51535332,  0.33877711,  0.04717099,  0.70960021,
        5.96630839, 10.32344734,  0.4961728 ,  4.61069843]))
Max no. 9 | (np.float64(9.984901931395919e-05), array([ 1.64200469,  0.31410705,  0.33941647,  0.04661149,  0.70989942,
        5.989761  , 10.31952457,  0.44065527,  4.59870232]))
Max no. 10 | (np.float64(9.96243346381537e-05), array([1.31311944, 1.01693266, 0.31178338, 1.19993946, 0.0477834 ,
       1.24263776, 1.60483457, 0.04701839, 6.80672196]))
Max no. 11 | (np.float64(9.845908464615426e-05), array([ 1.64173162,  0.50351615,  0.34713   ,  0.04707502,  0.70966535,
        6.01875648, 10.31159683,  0.49117758,  4.64994556]))
Max no. 12 | (np.float64(9.828057421168933e-05), array([1.5836113 , 0.2000744 , 0.79804711, 0.4291584 , 0.22541552,
       9.89249324, 5.23042357, 0.58723053, 5.09598921]))
Max no. 13 | (np.float64(9.473040805592975e-05), array([1.58303604, 0.21191075, 0.79271038, 0.42687037, 0.22551552,
       9.86913532, 5.21606535, 0.55736911, 5.02768701]))
Max no. 14 | (np.float64(9.465693963425025e-05), array([1.30066257, 0.31180492, 0.50504164, 0.92403181, 0.44905686,
       5.07074972, 8.75137996, 0.47361196, 1.87682892]))
Max no. 15 | (np.float64(9.343367340499336e-05), array([ 1.64170195,  0.4916786 ,  0.34828732,  0.04753939,  0.70941677,
        6.02790749, 10.31198978,  0.49893189,  4.65948391]))
Max no. 16 | (np.float64(9.338860984517032e-05), array([1.3       , 0.46602423, 0.44609078, 0.49081268, 0.79449955,
       7.77646717, 2.19542323, 0.02502194, 1.22389916]))
Max no. 17 | (np.float64(9.215720684689979e-05), array([ 1.64218984,  0.43249435,  0.37020462,  0.04733869,  0.70952338,
        6.08109239, 10.31820605,  0.76010503,  5.1455341 ]))
Max no. 18 | (np.float64(8.798015322087678e-05), array([ 1.6417211 ,  0.4798407 ,  0.34878399,  0.04846331,  0.70893525,
        6.032106  , 10.31306982,  0.50704348,  4.66896625]))
Max no. 19 | (np.float64(8.531631677938797e-05), array([ 1.6932345 ,  0.23514878,  0.26789323,  1.18792009,  0.3775603 ,
       10.69968476, 11.42830552,  0.2202118 ,  2.246745  ]))
Max no. 20 | (np.float64(8.387127156216601e-05), array([ 1.64134368,  0.45616608,  0.34784802,  0.05493584,  0.70810443,
        5.99994226, 10.33940403,  0.53530176,  4.67133887]))
Max no. 21 | (np.float64(8.112470655558611e-05), array([ 1.69257979,  1.59883724,  0.13319514,  0.31746953,  0.36394134,
       11.62682218, 10.34390136,  0.93163667,  2.87221982]))
Max no. 22 | (np.float64(7.550077417260985e-05), array([ 1.64217386,  0.29043115,  0.3432934 ,  0.04671298,  0.70984387,
        5.9972827 , 10.32046972,  0.4573818 ,  4.61438062]))
Max no. 23 | (np.float64(7.54739871997541e-05), array([1.68903675, 0.42252226, 0.16163133, 1.23441151, 0.15061365,
       5.73488649, 4.69853981, 1.56206202, 1.26208122]))
Max no. 24 | (np.float64(7.291773532762821e-05), array([ 1.4472364 ,  0.2545699 ,  0.25066227,  0.14658032,  0.47897662,
       11.88137197,  8.17125035,  1.68557889,  3.42968684]))
Max no. 25 | (np.float64(7.258723723117074e-05), array([1.71756133, 0.26449279, 0.14412203, 1.57714352, 0.04766999,
       6.69265932, 1.7309195 , 0.76134345, 1.40015807]))
Max no. 26 | (np.float64(6.74676797993403e-05), array([1.3       , 1.34118679, 0.20844029, 0.23240195, 0.79449955,
       4.57248863, 2.75489864, 0.01588999, 1.21      ]))
Max no. 27 | (np.float64(6.695758232305832e-05), array([1.3697038 , 0.6095848 , 0.74418883, 0.24474735, 0.28687788,
       4.60045486, 4.818268  , 1.04400343, 1.23520669]))
Max no. 28 | (np.float64(6.666155988425283e-05), array([ 1.68925141,  1.52781003,  0.03747676,  0.33511779,  0.37028007,
       11.59136381, 10.54509628,  0.86997648,  2.87801636]))
Max no. 29 | (np.float64(6.620333486908182e-05), array([1.56538751, 1.04224175, 0.50862576, 1.10533113, 0.55345566,
       3.81958297, 6.94217192, 0.70803602, 1.33147675]))
Max no. 30 | (np.float64(6.575532136782403e-05), array([ 1.64200905,  0.27859295,  0.34256093,  0.0466769 ,  0.70986373,
        5.99652731, 10.31533415,  0.46093435,  4.61503949]))
Max no. 31 | (np.float64(6.573085402559133e-05), array([ 1.76208381,  0.19177462,  0.14479928,  0.86607287,  0.45622187,
       12.10929788,  7.34600377,  1.33658458,  1.33022886]))
Max no. 32 | (np.float64(6.25698521181877e-05), array([ 1.39613971,  0.92136261,  0.43785008,  0.27277451,  0.55459336,
        2.21451931, 11.50210846,  0.97157904,  4.64129001]))
Max no. 33 | (np.float64(6.234561720150433e-05), array([ 1.43773676,  1.86796476,  0.11611577,  0.24881141,  0.31219748,
       10.32094859,  1.84873419,  1.19780204,  3.51640669]))
Max no. 34 | (np.float64(6.176464824302393e-05), array([1.30076456, 1.74519541, 0.30956873, 0.90588864, 0.39797131,
       1.47839291, 4.49282314, 0.03358194, 1.21696627]))
Max no. 35 | (np.float64(6.115881535765802e-05), array([1.64776009, 0.66078371, 0.5649411 , 0.55658739, 0.73512986,
       6.73518187, 4.55649628, 0.3686861 , 1.41242735]))
Max no. 36 | (np.float64(6.109209723098e-05), array([1.3       , 0.99342918, 0.33175611, 0.69249123, 0.35557451,
       1.24976606, 2.50047984, 0.07424697, 3.29769604]))
Max no. 37 | (np.float64(5.911901861827744e-05), array([1.3       , 0.80038716, 0.19172082, 0.02436361, 0.30770903,
       4.15421277, 8.05698383, 0.01588999, 1.21      ]))
Max no. 38 | (np.float64(5.869825359922071e-05), array([1.55695372, 0.55687709, 0.43069579, 1.16363705, 0.6496268 ,
       3.99575188, 7.49609839, 0.6559638 , 1.25479796]))
Max no. 39 | (np.float64(5.833324434868561e-05), array([1.30770355, 1.02893255, 0.30185415, 1.17318999, 0.04766997,
       1.21000143, 2.01849025, 0.01589235, 6.67628703]))
Max no. 40 | (np.float64(5.764129227412958e-05), array([1.5977951 , 1.06502348, 0.74719969, 0.60121594, 0.34362134,
       3.21618881, 2.35359671, 1.09885518, 1.21      ]))
Max no. 41 | (np.float64(5.669114439989388e-05), array([1.32663372, 1.22496807, 0.0325317 , 0.82209103, 0.06127056,
       7.9137425 , 1.66414675, 0.01588999, 8.17101426]))
Max no. 42 | (np.float64(5.630233924585541e-05), array([1.49358386, 0.68808352, 0.34436607, 0.87951092, 0.25722478,
       2.46784435, 8.45867476, 0.27808215, 1.73333159]))
Max no. 43 | (np.float64(5.603112069537889e-05), array([1.479395  , 1.54743839, 0.07587484, 0.94403295, 0.07596683,
       4.76750343, 7.26095239, 0.02843995, 1.23534044]))
Max no. 44 | (np.float64(5.5958834339796106e-05), array([ 1.63856558,  0.53901942,  0.21036728,  0.04679445,  0.70979792,
        5.38524897, 10.33220732,  0.31502013,  4.17146115]))
Max no. 45 | (np.float64(5.479064521429387e-05), array([1.39373219, 1.3894722 , 0.21257997, 1.18605003, 0.04766997,
       4.28458554, 1.42699238, 0.01588999, 1.21      ]))
Max no. 46 | (np.float64(5.383830611217493e-05), array([1.6619836 , 1.68501092, 0.13072166, 0.03264561, 0.34834911,
       9.42319391, 4.83862232, 0.3047004 , 1.23882206]))
Max no. 47 | (np.float64(5.221868002762209e-05), array([1.64753856, 0.62527406, 0.5804331 , 0.52145339, 0.73087206,
       6.95841232, 4.40057412, 0.36898458, 1.21140334]))
Max no. 48 | (np.float64(5.091036395189959e-05), array([1.64674152, 0.64894556, 0.57883005, 0.53582792, 0.7356329 ,
       6.75093997, 4.40831761, 0.37499122, 1.37290739]))
Max no. 49 | (np.float64(5.0567027797781443e-05), array([1.64671734, 0.63711025, 0.58336397, 0.52687616, 0.73432706,
       6.84344294, 4.40656358, 0.36819346, 1.25502226]))
Max no. 50 | (np.float64(5.039000577879291e-05), array([1.66608024, 0.14671069, 0.71257503, 1.54598577, 0.13810856,
       7.56168046, 2.57423381, 0.66608861, 2.18832312]))
Max no. 51 | (np.float64(4.86958194731661e-05), array([1.30913835, 0.16975215, 0.50008345, 0.90567838, 0.43262654,
       5.17799874, 8.70385622, 0.40706845, 1.61329708]))
Max no. 52 | (np.float64(4.679620689773016e-05), array([1.30863109, 0.9318416 , 0.14603126, 0.89496422, 0.10719748,
       3.61970175, 2.46902682, 0.01589268, 1.21000481]))
Max no. 53 | (np.float64(4.6180282965589635e-05), array([1.74095628, 0.57028104, 0.15876965, 0.7106679 , 0.05234887,
       2.09135639, 4.49537342, 0.58493944, 1.302998  ]))
Max no. 54 | (np.float64(4.53452168144451e-05), array([1.31146743, 1.53462319, 0.56644082, 0.12881232, 0.50108445,
       2.60892919, 2.75711411, 0.01588999, 1.21      ]))
Max no. 55 | (np.float64(4.480087646587896e-05), array([ 1.45268071,  0.25244261,  0.78416392,  0.20916789,  0.14751548,
        8.04796335, 11.71415233,  0.54699561,  3.07850388]))
Max no. 56 | (np.float64(4.4679932068140006e-05), array([1.36650962, 0.88216308, 0.10125142, 0.90633338, 0.27193073,
       2.67971629, 1.68707075, 0.37551544, 1.9499737 ]))
Max no. 57 | (np.float64(4.249227215468905e-05), array([1.31089791, 1.07214486, 0.7828638 , 0.79035944, 0.53657867,
       1.34738579, 4.01254999, 0.01588999, 3.48600093]))
Max no. 58 | (np.float64(4.2427825037000644e-05), array([1.76799738, 1.16176849, 0.72019344, 0.01588999, 0.29125992,
       4.10232387, 2.78685579, 0.453799  , 1.21001999]))
Max no. 59 | (np.float64(4.161705562809842e-05), array([1.57691761, 0.71207773, 0.10184436, 0.36512828, 0.37757267,
       8.27805121, 1.53442934, 0.01588999, 1.21079241]))
Max no. 60 | (np.float64(4.152152614653016e-05), array([1.30057988, 1.83894866, 0.08292273, 0.72973925, 0.15894744,
       5.7352329 , 1.82477505, 1.09623486, 1.69796635]))
Max no. 61 | (np.float64(4.0600034492222606e-05), array([1.54675046, 0.7659954 , 0.42690516, 0.48372305, 0.46360729,
       9.3096874 , 1.70388596, 1.37407266, 1.37188638]))
Max no. 62 | (np.float64(4.033440785625999e-05), array([1.66265918, 0.13488864, 0.75409013, 1.55204274, 0.14088387,
       7.76285784, 2.86799937, 0.61557431, 1.26603082]))
Max no. 63 | (np.float64(3.919009086937826e-05), array([1.79979603, 1.43645519, 0.24312887, 0.41924337, 0.67918231,
       1.51381835, 6.26600987, 0.01588999, 1.21      ]))
Max no. 64 | (np.float64(3.771233685705148e-05), array([1.4189362 , 1.30017555, 0.75368084, 0.14491848, 0.78685933,
       1.93430435, 4.21261852, 0.9689233 , 2.50896521]))
Max no. 65 | (np.float64(3.515066309753414e-05), array([1.3       , 0.72617259, 0.11648262, 0.21207722, 0.43690281,
       6.63463632, 2.19026681, 0.70293898, 1.21      ]))
Max no. 66 | (np.float64(3.513581934650909e-05), array([ 1.63598183,  0.70062314,  1.08604284,  0.0976511 ,  0.45534559,
        2.38367208, 11.48710384,  2.23445489,  1.29937752]))
Max no. 67 | (np.float64(3.500582294488986e-05), array([1.66709333, 0.17038287, 0.71453098, 1.54575228, 0.13791745,
       7.55044481, 2.68414812, 0.64625079, 2.10043681]))
Max no. 68 | (np.float64(3.4530170560544424e-05), array([ 1.3       ,  2.18225198,  0.26661727,  0.01588999,  0.79420874,
        2.87463053, 10.30191625,  0.13971529,  2.1467531 ]))
Max no. 69 | (np.float64(3.437317399472937e-05), array([1.64847296, 0.67262234, 0.55246609, 0.54610202, 0.73188106,
       6.75052805, 4.53013368, 0.36572169, 1.36263352]))
Max no. 70 | (np.float64(3.385461064406927e-05), array([ 1.64158527,  0.52719099,  0.32975331,  0.04662844,  0.7098902 ,
        5.94455407, 10.31114903,  0.4565137 ,  4.58325412]))
Max no. 71 | (np.float64(3.214690258084406e-05), array([1.35324134, 1.20170338, 0.08245368, 1.18199985, 0.04879166,
       1.62381792, 2.03575863, 0.65107587, 1.33950699]))
Max no. 72 | (np.float64(3.1472353123475325e-05), array([1.45090002, 1.9756115 , 0.07321728, 0.87111169, 0.07235223,
       6.0899144 , 1.58212158, 0.04495046, 5.84359299]))
Max no. 73 | (np.float64(3.112437154806971e-05), array([1.30207581, 0.86994327, 0.30890669, 0.15919783, 0.77293864,
       3.46013747, 5.91285068, 0.01592519, 1.21      ]))
Max no. 74 | (np.float64(3.05730308371543e-05), array([1.3       , 1.61919819, 0.12514414, 0.44788699, 0.79431931,
       5.77455324, 1.92220397, 0.23377102, 1.51500923]))
Max no. 75 | (np.float64(2.833989467600963e-05), array([1.30273656, 1.37031222, 0.15563041, 0.62729959, 0.79422104,
       4.57569633, 4.14428726, 0.01588999, 4.23862394]))
Max no. 76 | (np.float64(2.791864682032185e-05), array([1.75802637, 0.90656498, 0.78917663, 0.71326379, 0.37467676,
       4.05166457, 3.46718355, 0.21916368, 1.62491715]))
Max no. 77 | (np.float64(2.6219215106397003e-05), array([1.41016271, 0.94106088, 0.76311337, 0.18845266, 0.33457158,
       2.37820226, 4.30020145, 1.36689944, 2.67024665]))
Max no. 78 | (np.float64(2.619249192837775e-05), array([1.61000235, 1.73645666, 0.03678206, 1.01867995, 0.25488775,
       8.08766146, 2.45245553, 0.10111329, 1.53804443]))
Max no. 79 | (np.float64(2.550293204958758e-05), array([1.3       , 1.94677597, 0.75653292, 0.01673313, 0.1161772 ,
       2.50075834, 4.22045302, 0.0232271 , 5.80882578]))
Max no. 80 | (np.float64(2.4695911004212463e-05), array([ 1.52754376,  1.12298748,  0.01588999,  0.86021104,  0.34878144,
       12.25      ,  1.27333299,  0.61033409,  2.83862133]))
Max no. 81 | (np.float64(2.4595888820826927e-05), array([ 1.55663592,  1.34939153,  0.016543  ,  1.40730975,  0.04796437,
       12.23116192,  1.59897664,  0.01588999,  1.21      ]))
Max no. 82 | (np.float64(2.433624551326469e-05), array([1.3171706 , 1.3138049 , 0.09901289, 0.95160104, 0.0627025 ,
       2.73924224, 1.57009518, 0.01588999, 3.24950292]))
Max no. 83 | (np.float64(2.272441156578791e-05), array([1.40735239, 0.81534341, 0.07145036, 0.30509479, 0.53581106,
       6.29746493, 1.61253542, 0.20129256, 5.59970317]))
Max no. 84 | (np.float64(2.142480733360946e-05), array([1.30987452, 1.12866606, 0.02605326, 0.7560456 , 0.11115119,
       6.79090295, 1.67569228, 0.01589001, 1.21000002]))
Max no. 85 | (np.float64(2.0545568553855296e-05), array([1.8       , 0.97967755, 0.39748089, 0.08748758, 0.39707686,
       7.67482841, 4.50604576, 0.49277711, 1.21000009]))
Max no. 86 | (np.float64(2.0068140488426253e-05), array([1.3       , 1.92570322, 0.44124002, 0.25455698, 0.22927491,
       3.15921726, 4.33392283, 0.01589093, 6.26108321]))
Max no. 87 | (np.float64(1.9274093510335145e-05), array([1.32847563, 2.0401954 , 0.63981073, 0.76319034, 0.62077143,
       1.33882267, 1.89969718, 0.02387405, 1.22452321]))
Max no. 88 | (np.float64(1.903513697268079e-05), array([1.30624712, 2.24144214, 0.06587039, 0.77866292, 0.20125568,
       5.56035792, 1.42153545, 1.16464038, 1.44974362]))
Max no. 89 | (np.float64(1.830703651446246e-05), array([1.30022967, 1.35435373, 0.09178128, 0.08539358, 0.79417697,
       3.5110341 , 4.42953685, 0.0159536 , 1.21010937]))
Max no. 90 | (np.float64(1.7829996090559385e-05), array([1.65768197, 1.91184769, 0.12560161, 0.08779273, 0.16199219,
       9.04433853, 4.37065857, 0.04859388, 6.09984765]))
Max no. 91 | (np.float64(1.743427438419867e-05), array([ 1.38398847,  0.9687113 ,  0.428953  ,  0.22929762,  0.56177712,
        1.56255717, 11.39626869,  0.80291509,  4.07319617]))
Max no. 92 | (np.float64(1.6930230940425304e-05), array([1.48419563, 1.16439386, 0.7316882 , 0.72663704, 0.35432132,
       1.21      , 4.75038501, 0.49676773, 1.72558808]))
Max no. 93 | (np.float64(1.650404190612156e-05), array([1.30110652, 1.63892738, 0.10875955, 0.87663518, 0.25991902,
       1.70114352, 2.33781817, 0.11520694, 2.19256293]))
Max no. 94 | (np.float64(1.6438916802250993e-05), array([1.34793783, 2.13806533, 0.0494604 , 1.14357325, 0.39380014,
       1.6346927 , 1.72157799, 0.01590551, 1.21803098]))
Max no. 95 | (np.float64(1.523016214583361e-05), array([1.36143943, 1.46013128, 0.04666905, 0.88065997, 0.15081177,
       2.45905391, 1.53141279, 0.57384494, 1.21000386]))
Max no. 96 | (np.float64(1.4273704240482858e-05), array([1.3088166 , 1.17606482, 0.13304003, 0.73549821, 0.10167416,
       7.13004664, 1.51165397, 0.02199511, 1.21000001]))
Max no. 97 | (np.float64(1.4068038018296303e-05), array([1.30270331, 1.05315705, 0.59579418, 0.85684409, 0.56988112,
       1.25955132, 2.08478918, 1.36292483, 1.33887067]))
Max no. 98 | (np.float64(1.1783631140888425e-05), array([1.4963719 , 0.85897445, 0.35871604, 0.16822025, 0.57047096,
       2.25022081, 1.99779888, 2.37192829, 1.21000185]))
Max no. 99 | (np.float64(1.1489204841881218e-05), array([1.34762771, 2.33563473, 0.03118148, 0.34960691, 0.77855517,
       5.01689492, 3.19317127, 0.01588999, 3.60877225]))
Max no. 100 | (np.float64(1.1000537590189373e-05), array([1.3       , 0.83637946, 0.01589001, 0.99824248, 0.12103231,
       6.91589148, 1.57555575, 0.02829512, 3.33276895]))
Max no. 101 | (np.float64(1.0817309798587738e-05), array([1.30000001, 1.42461715, 0.02005395, 0.72549563, 0.15893238,
       5.94144492, 1.99876342, 1.13698431, 1.21      ]))
Max no. 102 | (np.float64(9.519705348467474e-06), array([1.6671407 , 1.69003598, 0.10455024, 1.18279604, 0.21007198,
       1.21003822, 3.89332694, 0.04012799, 1.38265395]))
Max no. 103 | (np.float64(8.90305849776804e-06), array([1.36094603, 1.47196932, 0.02659027, 0.97819424, 0.19493066,
       2.68779278, 1.36536889, 0.54053382, 1.21000147]))
Max no. 104 | (np.float64(7.565087130809408e-06), array([1.30019403, 1.7104899 , 0.02115611, 1.5174244 , 0.19051581,
       2.59751714, 1.53730626, 0.14566674, 1.21000278]))
Max no. 105 | (np.float64(6.237575685021147e-06), array([1.30338065, 1.72319138, 0.62090452, 1.09347591, 0.66621337,
       3.24790836, 1.21004509, 0.1395626 , 1.47171271]))
Max no. 106 | (np.float64(5.30451489404972e-06), array([1.79989196, 1.49907041, 0.05964256, 1.21357904, 0.22193163,
       1.98767202, 1.2878901 , 0.01588999, 1.21      ]))
Max no. 107 | (np.float64(4.068898471707919e-06), array([1.36497624, 0.72152322, 0.35524142, 0.77753743, 0.14574923,
       6.98866908, 2.4067835 , 0.01588999, 8.07263158]))
Max no. 108 | (np.float64(3.8352164455314306e-06), array([ 1.6820937 ,  1.11674907,  0.0212356 ,  0.02213078,  0.36224795,
       10.28064063,  5.22936288,  0.46437707,  1.55184009]))
Max no. 109 | (np.float64(3.308559367514557e-06), array([1.37351549, 0.75363255, 0.07823206, 0.40712931, 0.07614518,
       4.28817505, 4.06710315, 0.78609771, 4.28588279]))
Max no. 110 | (np.float64(2.373717632415952e-06), array([1.31682476, 1.09988514, 0.65425074, 0.01588999, 0.79449955,
       1.21323199, 7.64581127, 0.01602776, 1.47327439]))
Max no. 111 | (np.float64(1.8762921830313947e-06), array([1.8       , 2.05691811, 0.01588999, 0.01588999, 0.68713655,
       6.65665416, 5.19052969, 0.01589436, 1.21000934]))
Max no. 112 | (np.float64(1.872620806177168e-06), array([1.5881463 , 2.08989413, 0.030775  , 1.21729577, 0.45041891,
       1.84759505, 1.3893417 , 0.63860276, 1.24900283]))
Max no. 113 | (np.float64(1.2272913852146065e-06), array([1.48764412, 0.99844759, 0.01588999, 0.02326168, 0.59935218,
       6.0216316 , 1.91518383, 0.01614528, 1.92747987]))
Max no. 114 | (np.float64(1.169548629360351e-06), array([1.33854156, 2.171126  , 0.12067299, 1.20085336, 0.17915591,
       3.3800514 , 1.22076499, 0.6838786 , 1.21315335]))
Max no. 115 | (np.float64(1.0419071675125555e-06), array([1.5879031 , 2.07765308, 0.02871155, 1.21588178, 0.44977775,
       1.86193613, 1.38088537, 0.63257274, 1.25375231]))
Max no. 116 | (np.float64(7.929324540264028e-07), array([1.53572255, 1.19411575, 0.11234313, 0.01588999, 0.70756392,
       2.0941062 , 6.2086176 , 0.03529625, 1.21      ]))
Max no. 117 | (np.float64(7.157857133011517e-07), array([1.30911366, 1.27072258, 0.01589038, 0.14322391, 0.76767094,
       6.26847248, 1.68581239, 0.03124363, 1.22960822]))
Max no. 118 | (np.float64(6.569778738439107e-07), array([1.75157911, 1.55483562, 0.70605727, 0.4630685 , 0.76457128,
       4.48922198, 1.98993292, 0.01589263, 1.21000432]))
Max no. 119 | (np.float64(4.0928461832595775e-07), array([1.31096241, 1.23520845, 0.01588999, 0.15315866, 0.76320093,
       6.20949406, 1.7332475 , 0.02782053, 1.2217581 ]))
Max no. 120 | (np.float64(3.2698807883858073e-07), array([1.5208347 , 1.24970091, 0.01806945, 0.01588999, 0.63561405,
       5.12664583, 3.65415426, 0.01589005, 1.21000011]))
Max no. 121 | (np.float64(2.1005084028616368e-07), array([1.47810798, 1.63457821, 0.02816325, 0.01588999, 0.54306674,
       5.81602654, 7.55223369, 0.27277301, 1.27429803]))
Max no. 122 | (np.float64(-3.905738931595475e-08), array([1.79998407, 1.31809048, 0.10093196, 0.03818663, 0.69771858,
       1.21028168, 1.21083492, 0.01604764, 1.21029401]))
Max no. 123 | (np.float64(-2.058207513020908e-07), array([1.8       , 2.37166062, 0.07581743, 0.39777088, 0.79437686,
       2.35713485, 1.26130864, 0.01589299, 1.86660728]))
Max no. 124 | (np.float64(-1.169365242304682e-06), array([1.7976236 , 1.81534068, 0.03124331, 0.31752764, 0.79449951,
       3.37199362, 1.2100076 , 0.07589624, 1.26816492]))
Max no. 125 | (np.float64(-1.4137754739976733e-06), array([1.40637636, 1.08441647, 0.01589   , 0.01694385, 0.57934299,
       5.9979305 , 2.97252329, 0.01589499, 3.00354139]))
Max no. 126 | (np.float64(-1.5436789767814454e-06), array([ 1.3       ,  0.79155521,  0.01927752,  1.23052985,  0.09282356,
       12.01605122,  1.2100011 ,  0.03518511,  1.24244146]))
Max no. 127 | (np.float64(-1.6285627889792506e-06), array([1.30002411, 1.41396504, 0.48468862, 0.01588999, 0.79449636,
       1.23725724, 9.48295045, 0.01603329, 1.21024856]))
Max no. 128 | (np.float64(-2.12943517298988e-06), array([1.55475182, 0.96189014, 0.49537377, 0.01588999, 0.54151566,
       1.46944413, 3.82163646, 0.01588999, 1.72391427]))
Max no. 129 | (np.float64(-2.6521750544546053e-06), array([1.47014739, 1.4878031 , 0.01588999, 0.01588999, 0.70318797,
       6.31737681, 5.5818565 , 0.01588999, 1.21      ]))
Max no. 130 | (np.float64(-2.835142195395589e-06), array([1.50635768, 1.87888411, 0.03598946, 0.74983122, 0.27876819,
       4.76338376, 1.88077282, 0.01589124, 3.99001965]))
Max no. 131 | (np.float64(-3.022115356626028e-06), array([1.3       , 2.12300763, 0.25106872, 0.56170343, 0.48084821,
       5.83591792, 6.56927663, 0.48019537, 2.12399764]))
Max no. 132 | (np.float64(-3.585071056751751e-06), array([1.54649489, 1.14662045, 0.14283448, 0.01588999, 0.70756401,
       2.29668778, 7.46530709, 0.08797423, 1.24158714]))
Max no. 133 | (np.float64(-3.7486380781479862e-06), array([1.32383977, 0.57227851, 0.08103531, 1.55085203, 0.21540145,
       1.22258844, 1.48892284, 0.27602102, 1.62937297]))
Max no. 134 | (np.float64(-3.764214538308334e-06), array([1.60491647, 1.26162727, 0.04553884, 1.58899899, 0.46244645,
       1.28281934, 1.21001663, 0.1521379 , 1.21      ]))
Max no. 135 | (np.float64(-4.015148828629589e-06), array([1.3       , 2.36025094, 0.42828617, 0.32502499, 0.79449955,
       1.3242761 , 3.16655372, 0.01588999, 4.60841287]))
Max no. 136 | (np.float64(-4.962139338829641e-06), array([1.31279838, 1.44834632, 0.01951412, 0.01948625, 0.46507568,
       6.65272204, 3.48659352, 0.11524911, 1.42144173]))
Max no. 137 | (np.float64(-5.936507621002207e-06), array([1.30029703, 1.51573648, 0.01588999, 0.37703204, 0.60220789,
       9.86273969, 1.34865587, 1.35592303, 1.21017499]))
Max no. 138 | (np.float64(-6.3986571647388595e-06), array([1.30025066, 2.27695635, 0.01588999, 1.47469695, 0.18350472,
       5.16484131, 1.5659179 , 0.0232151 , 1.22873358]))
Max no. 139 | (np.float64(-6.9614092758765155e-06), array([1.60066622, 1.79258843, 0.06194899, 1.58845486, 0.37986899,
       1.26992318, 1.48431768, 0.03170252, 1.24038432]))
Max no. 140 | (np.float64(-8.481061986755971e-06), array([1.30030063, 1.66134766, 0.02098251, 0.01588999, 0.77745212,
       4.26139878, 9.31905567, 0.01588999, 2.77999718]))
Max no. 141 | (np.float64(-8.961573984836179e-06), array([1.37614538, 2.23958081, 0.31062486, 0.12281937, 0.53991694,
       1.6242385 , 2.1442203 , 0.01591846, 1.21001098]))
Max no. 142 | (np.float64(-1.0619822421441336e-05), array([ 1.6421663 ,  0.2194026 ,  0.33957443,  0.04666962,  0.70986743,
        5.98054868, 10.31679817,  0.48558035,  4.66223486]))
Max no. 143 | (np.float64(-1.067727422372828e-05), array([1.5091073 , 1.85078676, 0.03640907, 1.32528323, 0.26849036,
       1.3781913 , 1.46306473, 0.01589159, 1.21      ]))
Max no. 144 | (np.float64(-1.1400823187261943e-05), array([1.31385854, 2.26511844, 0.18952247, 0.66516922, 0.13867414,
       4.54681466, 1.21544793, 0.01588999, 1.21      ]))
Max no. 145 | (np.float64(-1.4594315345923134e-05), array([1.30634009, 1.78742581, 0.04052776, 0.10868748, 0.76410999,
       3.65246068, 2.39198742, 0.01588999, 2.39624036]))
Max no. 146 | (np.float64(-1.541469644640004e-05), array([ 1.77171658,  2.33614648,  0.01588999,  0.01588999,  0.45842624,
       10.64977486,  7.82228917,  0.50796505,  1.21000211]))
Max no. 147 | (np.float64(-1.5646127372059523e-05), array([1.46970876, 1.83538401, 0.09428089, 1.0116436 , 0.05533174,
       1.21551791, 1.79889015, 1.08663161, 1.25768975]))
Max no. 148 | (np.float64(-1.598434912842676e-05), array([1.3023186 , 1.7612052 , 0.29713709, 0.16803688, 0.78260982,
       1.32030736, 1.62944429, 0.03793754, 1.2433667 ]))
Max no. 149 | (np.float64(-1.680103679786175e-05), array([1.41487138, 2.16515355, 0.05711655, 1.58845786, 0.04766998,
       1.23601041, 1.47500025, 0.01588999, 1.21      ]))
Max no. 150 | (np.float64(-1.9906851963237167e-05), array([1.63629083, 1.60405962, 0.44308761, 0.21252821, 0.60449017,
       1.9276459 , 1.65712158, 0.99376117, 1.21441394]))
Max no. 151 | (np.float64(-2.0130451547761366e-05), array([ 1.45931377,  1.80343453,  0.7915738 ,  0.01588999,  0.79449955,
        1.3087374 , 10.63198926,  0.01589082,  4.2736064 ]))
Max no. 152 | (np.float64(-2.0370969431644958e-05), array([1.69095079, 0.73992193, 0.03628626, 0.31565349, 0.05688051,
       2.11751735, 6.14900559, 0.26161644, 4.06461035]))
Max no. 153 | (np.float64(-2.1295815045019044e-05), array([1.30000074, 0.84752396, 0.07670644, 0.92277309, 0.06915806,
       1.21036817, 1.89803608, 0.01588999, 5.07436329]))
Max no. 154 | (np.float64(-2.492149103065046e-05), array([1.30052578, 2.03069482, 0.01594777, 1.03626327, 0.17832382,
       5.63084406, 1.75531372, 0.85622409, 1.48477593]))
Max no. 155 | (np.float64(-2.9813786431881348e-05), array([ 1.70128679,  1.66137801,  0.01588999,  0.64235241,  0.79346219,
       11.80971984,  1.3907699 ,  0.15052494, 12.24955206]))
Max no. 156 | (np.float64(-3.0742755916502825e-05), array([1.37539505, 1.29301534, 0.01589014, 0.49644585, 0.7940925 ,
       6.88517313, 1.41727691, 0.22174983, 5.77338113]))
Max no. 157 | (np.float64(-3.382226830565363e-05), array([ 1.63612623,  2.01853999,  0.01589   ,  0.01588999,  0.47631702,
       12.24999327,  7.19242662,  0.01588999,  2.12511829]))
Max no. 158 | (np.float64(-4.334187969294704e-05), array([1.43633435, 1.5729188 , 0.82535024, 0.25560843, 0.7944993 ,
       3.19244543, 4.71846595, 0.01588999, 3.79200747]))
Max no. 159 | (np.float64(-4.340095610515914e-05), array([ 1.4230985 ,  2.31414745,  0.01589003,  0.4816964 ,  0.47810292,
       12.23443434,  1.47618566,  0.96252132,  1.25143633]))
Max no. 160 | (np.float64(-4.463108267199433e-05), array([1.44951487, 1.58068496, 0.23568758, 0.02862405, 0.47187545,
       1.50781537, 3.29385851, 2.38349866, 1.61208852]))
Max no. 161 | (np.float64(-4.666865456862274e-05), array([1.38493885, 0.40895816, 0.78933717, 0.48061667, 0.05424523,
       5.15571626, 5.79652149, 0.46802448, 6.79607273]))
Max no. 162 | (np.float64(-4.748240790073863e-05), array([1.56573427, 0.77782769, 0.32075664, 0.47405165, 0.46429114,
       8.5385888 , 1.659603  , 1.65321548, 1.88292761]))
Max no. 163 | (np.float64(-4.843974786874941e-05), array([ 1.3       ,  2.34869366,  0.80597971,  0.01589024,  0.19188995,
        1.45381689, 11.18896058,  0.02805039,  1.46735533]))
Max no. 164 | (np.float64(-5.2332723373998525e-05), array([1.46090335, 1.93565527, 0.08586567, 1.11379285, 0.17324973,
       1.21002056, 1.78601251, 0.04784157, 1.21000386]))
Max no. 165 | (np.float64(-5.840294048245733e-05), array([ 1.77263233,  2.14673781,  0.01588999,  0.1710991 ,  0.78468994,
       11.25018944,  1.89345732,  0.02838339,  1.23123047]))
Max no. 166 | (np.float64(-7.025033860971527e-05), array([1.64552935, 0.60159935, 0.5811378 , 0.52016409, 0.73098572,
       7.03183758, 4.09941396, 0.37888252, 1.2368232 ]))
Max no. 167 | (np.float64(-7.106644569137939e-05), array([1.3236968 , 1.76792118, 0.23130741, 0.8186973 , 0.12301284,
       3.15858637, 1.23473   , 1.17585447, 1.33845406]))
Max no. 168 | (np.float64(-8.25237759638276e-05), array([ 1.3       ,  2.19632838,  0.31117458,  0.01588999,  0.79449955,
        2.80088963, 10.4303777 ,  2.29948465,  1.21      ]))
Max no. 169 | (np.float64(-8.382244609635629e-05), array([1.49081006, 1.88630084, 0.10611024, 1.11215638, 0.1722194 ,
       1.21584764, 1.85154017, 0.01589043, 1.21000069]))
Max no. 170 | (np.float64(-8.59291430316235e-05), array([1.5840645 , 2.28949858, 0.13639086, 0.99269918, 0.4005003 ,
       3.48281179, 1.22160871, 0.04590507, 1.21      ]))
Max no. 171 | (np.float64(-8.983165766248334e-05), array([1.30005782, 2.09942521, 0.32944871, 0.30332619, 0.78632316,
       1.50297545, 4.05852114, 0.02272976, 1.22058269]))
Max no. 172 | (np.float64(-0.00010253845565430364), array([1.34843182, 1.90205403, 0.0249059 , 0.02389709, 0.79331285,
       3.69445089, 4.42675675, 0.0215146 , 1.21215365]))
Max no. 173 | (np.float64(-0.00011490784974353337), array([1.3       , 1.99668028, 0.59704761, 0.36891936, 0.79449955,
       1.52651654, 1.7287656 , 0.23654645, 4.7813866 ]))
Max no. 174 | (np.float64(-0.0001346926504813274), array([1.30343508, 0.8262359 , 0.12115557, 0.77632614, 0.09272373,
       4.17266854, 5.69187256, 1.9134363 , 1.70831683]))
Max no. 175 | (np.float64(-0.00016632057208796204), array([1.30098039, 0.5959109 , 0.55475861, 0.99310782, 0.46633797,
       5.30214109, 8.84144942, 0.39109214, 1.45717112]))
Max no. 176 | (np.float64(-0.00017260216138668898), array([ 1.69509812,  1.9573291 ,  0.59095767,  1.3741466 ,  0.79448921,
        4.52558716,  1.21409739,  0.01756301, 11.98299854]))
Max no. 177 | (np.float64(-0.00018616106503454408), array([1.31589819, 2.00607571, 0.21490602, 0.11673095, 0.75003072,
       6.92347905, 6.92418286, 1.915383  , 1.37663929]))
Max no. 178 | (np.float64(-0.00020047466060362008), array([1.34484178, 0.89474421, 0.02638907, 0.65831786, 0.05240895,
       7.05646259, 3.15896887, 0.38835189, 1.24710092]))
Max no. 179 | (np.float64(-0.00022651764364916237), array([1.3       , 1.98511315, 0.14049166, 0.39147986, 0.78926459,
       7.08043861, 1.56401331, 0.6596609 , 1.21561036]))
Max no. 180 | (np.float64(-0.00022897693853737185), array([ 1.51812885,  0.11967743,  0.22628326,  0.96370014,  0.14413657,
        8.56094948, 12.24999774,  0.75590069,  1.21001542]))
Max no. 181 | (np.float64(-0.00027755384361347567), array([ 1.38381203,  1.2173128 ,  0.41385376,  0.26974923,  0.55779833,
        1.31727832, 11.52714401,  0.77650352,  4.01342358]))
Max no. 182 | (np.float64(-0.0003818272055617481), array([1.61787929, 1.40588929, 0.03247507, 0.42561583, 0.16543553,
       4.54127042, 6.87576615, 2.31064417, 1.35710878]))
Max no. 183 | (np.float64(-0.00038443686199757026), array([1.7991598 , 2.13225084, 0.44653035, 0.13417917, 0.21701964,
       6.53121685, 8.72918866, 0.10537023, 1.35871925]))
Max no. 184 | (np.float64(-0.0006487783339955827), array([1.35805334, 1.37726888, 0.52019834, 1.15348877, 0.66920193,
       2.21806508, 5.03212276, 0.03150359, 1.22524257]))
Max no. 185 | (np.float64(-0.0008601733182668864), array([1.30985113, 0.13427042, 0.52139439, 0.97627132, 0.45226998,
       5.31218004, 9.19004615, 0.49874625, 2.0927638 ]))
Max no. 186 | (np.float64(-0.0015830180855228864), array([1.46078553, 2.25328086, 0.39957974, 0.17051034, 0.79422956,
       3.33347321, 3.30717471, 1.19829247, 1.77409368]))
Max no. 187 | (np.float64(-0.10811520739151005), array([1.30150294, 2.20592811, 0.36294908, 0.33548463, 0.79278795,
       2.95151851, 5.56482284, 0.017173  , 1.21044387]))
Max no. 188 | (np.float64(-0.39456429436599527), array([ 1.57320897,  0.10626917,  0.75047616,  1.35976023,  0.0555045 ,
       12.09671552,  8.3444582 ,  1.50633139,  3.39425267]))
Max no. 189 | (np.float64(-0.39887367051544736), array([ 1.68475909,  2.30290599,  0.37558877,  0.05558106,  0.70428588,
        7.073044  , 11.27500064,  0.47397981,  4.49372159]))
Max no. 190 | (np.float64(-0.4017262397478572), array([1.42465388, 0.03956716, 0.62878008, 0.43549472, 0.71235371,
       1.26178193, 1.31228223, 0.42566051, 1.21      ]))
Max no. 191 | (np.float64(-0.4023137821904275), array([1.3167819 , 0.05411629, 0.23734588, 0.6640789 , 0.65855625,
       1.44550909, 1.24409937, 0.41281397, 1.21      ]))
Max no. 192 | (np.float64(-0.40264482562982695), array([1.48243844, 0.06347101, 0.0775201 , 1.44031592, 0.76470796,
       1.22195272, 1.21      , 0.40233875, 1.21      ]))
Max no. 193 | (np.float64(-0.4028321784061288), array([1.49513025, 0.02828895, 1.00581227, 0.4684621 , 0.77458423,
       1.22483598, 1.24595275, 0.43570292, 1.21      ]))
Max no. 194 | (np.float64(-0.40453505206272466), array([1.37591753, 0.09512613, 0.03000933, 0.66504529, 0.68708221,
       4.72061566, 1.25757329, 0.37218279, 1.21004352]))
Max no. 195 | (np.float64(-0.42331836426204716), array([1.30007972, 1.70856892, 0.02159766, 0.20842153, 0.60047999,
       6.9274734 , 1.76874652, 1.11146459, 1.98063849]))
Max no. 196 | (np.float64(-0.45311714517147594), array([1.36795816, 0.01588999, 1.03258035, 0.0158907 , 0.72541016,
       1.21      , 3.89303189, 0.45146019, 1.21      ]))
Max no. 197 | (np.float64(-0.47704101014904077), array([1.45964238, 0.07508221, 1.58899173, 0.18755243, 0.79449955,
       1.22190789, 3.44070447, 0.38827699, 1.21491468]))
Max no. 198 | (np.float64(-0.4985907957175179), array([1.30001628, 2.21801463, 0.01616922, 0.01618952, 0.75723314,
       1.25995474, 1.21001293, 0.01589064, 1.21000109]))
Max no. 199 | (np.float64(-0.9100994463923898), array([1.3751248 , 2.07306613, 0.0159202 , 0.01588999, 0.45260467,
       1.21      , 1.21      , 0.92270385, 1.21      ]))
------------------------------------------------------------------------------------------------------------------------------------
