
------------------------------------------------------------------------------------------------------------------------------------
All maxima | (local maximum, local maximiser)
Max no. 0 | (0.0005161427958633169, array([ 1.59203125,  1.72068273,  1.38007238,  0.86390328,  0.19353364,
       11.30133249, 10.26629872,  0.14539874, 11.99125944]))
Max no. 1 | (0.0003716771720441159, array([ 1.58163704,  1.40633984,  0.92180556,  0.85346158,  0.05729157,
        8.23147924,  1.21      ,  0.01598875, 10.30803147]))
Max no. 2 | (0.0001772317946073798, array([1.59828413, 1.1035811 , 1.27549724, 1.55450952, 0.70580837,
       2.45428873, 6.81678075, 0.55694439, 1.46006165]))
Max no. 3 | (0.00016095947280373064, array([1.59765974, 0.23070453, 1.09504644, 1.23966436, 0.48138314,
       4.91339192, 6.84006135, 1.77895993, 5.52995728]))
Max no. 4 | (0.00013317417229280482, array([1.59835553, 2.29867927, 1.14234189, 1.58842603, 0.64315005,
       3.77172332, 8.16953802, 0.50604799, 1.53877408]))
Max no. 5 | (0.00012486742094708347, array([1.58671872, 0.54304786, 0.81473858, 0.5936162 , 0.25186521,
       1.81365128, 4.91901426, 2.1054449 , 3.18743223]))
------------------------------------------------------------------------------------------------------------------------------------
