
------------------------------------------------------------------------------------------------------------------------------------
All maxima | (local maximum, local maximiser)
Max no. 0 | (0.000596762180119179, array([1.01420921, 0.38008942, 1.01952967, 0.98181723, 0.23497542,
       2.65624296, 1.21669597, 0.89142324, 7.40375502]))
Max no. 1 | (0.0003304945388288213, array([1.01211729, 1.60479092, 0.72890049, 0.10029509, 0.13224648,
       9.57953029, 7.16558874, 0.73737221, 4.04046673]))
Max no. 2 | (0.0002523907178144919, array([ 1.00991587,  1.19297129,  0.35129508,  0.81193037,  0.30123058,
       10.59821774,  7.78361111,  0.44804251,  7.96422341]))
Max no. 3 | (0.00020955884333006584, array([1.01357964, 0.69943081, 0.88190248, 1.11748435, 0.47192371,
       7.39942024, 6.43057167, 0.15288383, 2.83561108]))
Max no. 4 | (0.00017473560139056883, array([1.009576  , 0.24597068, 0.06852786, 0.57736041, 0.27179337,
       8.40772276, 5.49059953, 0.76175091, 5.09973157]))
Max no. 5 | (0.00015346415388098716, array([1.01445561, 1.33708742, 0.10742854, 0.95407417, 0.11674393,
       5.6440647 , 4.63710849, 1.22310873, 1.31407819]))
------------------------------------------------------------------------------------------------------------------------------------
