
------------------------------------------------------------------------------------------------------------------------------------
All maxima | (local maximum, local maximiser)
Max no. 0 | (np.float64(0.0002248848543697787), array([ 1.64078175,  2.37392667,  0.33918089,  0.04671864,  0.70983996,
        5.96421799, 10.32052043,  0.48063069,  4.6320388 ]))
Max no. 1 | (np.float64(0.00019686869708696134), array([1.36767747, 0.61905554, 0.64046088, 1.20354644, 0.75910884,
       4.9647432 , 9.51973952, 0.0177854 , 1.2191038 ]))
Max no. 2 | (np.float64(0.00015061561372270102), array([ 1.64128301,  0.37329656,  0.32633916,  0.04792883,  0.71188155,
        5.95947746, 10.31080613,  0.40135571,  4.54281429]))
Max no. 3 | (np.float64(0.00014541155495385007), array([ 1.64142913,  0.36145883,  0.32886925,  0.04888086,  0.71329842,
        5.96618182, 10.31887129,  0.40499327,  4.54492567]))
Max no. 4 | (np.float64(0.00014469605199778004), array([ 1.64130538,  0.39697242,  0.32598708,  0.04589827,  0.70977475,
        5.98264243, 10.29693196,  0.402393  ,  4.55070026]))
Max no. 5 | (np.float64(0.00014069649820186545), array([ 1.64161358,  0.34962113,  0.33034507,  0.0490683 ,  0.71360269,
        5.97529906, 10.32671231,  0.40837659,  4.54575694]))
Max no. 6 | (np.float64(0.00013999030731427225), array([1.66326792, 0.63082133, 0.39966262, 0.6727169 , 0.47247167,
       9.92524584, 8.90215234, 1.03388382, 2.33565402]))
Max no. 7 | (np.float64(0.00013844341912518064), array([1.60352443, 1.0123899 , 0.76388911, 1.2121102 , 0.7225472 ,
       2.07136227, 2.84301521, 0.82613693, 7.0341502 ]))
Max no. 8 | (np.float64(0.00013430660833807888), array([ 1.64152516,  0.33778259,  0.33100724,  0.046587  ,  0.70995749,
        5.97256766, 10.31189002,  0.41244794,  4.54864678]))
Max no. 9 | (np.float64(0.00013418883407357072), array([ 1.64269706,  0.40881263,  0.34384808,  0.06294817,  0.70218996,
        6.04082526, 10.31114344,  0.57325488,  4.77304514]))
Max no. 10 | (np.float64(0.00013287386603945493), array([1.35452727, 0.44938581, 0.40220491, 0.77024549, 0.16047436,
       2.58137154, 8.66427246, 0.27636693, 7.13157556]))
Max no. 11 | (np.float64(0.00013266106395463383), array([ 1.65857448,  0.29045479,  0.34849675,  0.0523513 ,  0.70881434,
        5.97218279, 11.10693097,  0.41686286,  4.63537124]))
Max no. 12 | (np.float64(0.00013262190277572942), array([1.4472496 , 0.82475667, 0.09271106, 0.57256881, 0.08346134,
       5.81166187, 6.92221566, 0.44001668, 6.31495127]))
Max no. 13 | (np.float64(0.00013193085480137155), array([1.35112548, 0.43755261, 0.40497219, 0.78604853, 0.1645159 ,
       2.33464287, 8.5641564 , 0.29752418, 7.16202038]))
Max no. 14 | (np.float64(0.00013001099408409776), array([1.72613371, 1.06156575, 0.97336927, 0.31445554, 0.29307362,
       1.8071095 , 2.49066314, 0.16750235, 1.84889953]))
Max no. 15 | (np.float64(0.00012897129021468643), array([1.7344357 , 0.98373786, 1.31724228, 1.46875875, 0.7450257 ,
       1.71144008, 5.96929228, 0.55629031, 1.21      ]))
Max no. 16 | (np.float64(0.00012895298585977), array([ 1.65545772,  0.2667829 ,  0.31584125,  0.04906247,  0.70870503,
        5.68172914, 11.20456502,  0.16686643,  4.82602254]))
Max no. 17 | (np.float64(0.00012881065571438186), array([ 1.64415809,  0.42065441,  0.43931427,  0.06986397,  0.70729713,
        6.21407009, 10.34590967,  0.70743586,  5.05110301]))
Max no. 18 | (np.float64(0.00012645191877427855), array([ 1.64157534,  0.32594461,  0.33283194,  0.04657662,  0.7099292 ,
        5.97559564, 10.3125545 ,  0.41668844,  4.55525297]))
Max no. 19 | (np.float64(0.00012369049859784127), array([ 1.64101388,  2.36208872,  0.34389956,  0.04767659,  0.70934859,
        5.97760797, 10.32110551,  0.48564645,  4.63603172]))
Max no. 20 | (np.float64(0.00012290873438143427), array([ 1.63869836,  0.38513106,  0.27544805,  0.04363453,  0.71133708,
        5.83074495, 10.26437647,  0.21811676,  4.28295144]))
Max no. 21 | (np.float64(0.00012047690794579783), array([ 1.64173144,  0.31410677,  0.3342458 ,  0.04658391,  0.7099187 ,
        5.98132466, 10.31690385,  0.41839963,  4.56282392]))
Max no. 22 | (np.float64(0.00011879972749778598), array([1.3       , 0.5482635 , 0.88599379, 1.40764048, 0.632996  ,
       5.92159629, 8.59893307, 0.01730871, 1.21238446]))
Max no. 23 | (np.float64(0.00011872432198816971), array([1.66298889, 0.50060323, 0.41941368, 0.68746662, 0.48636323,
       9.9566022 , 8.98343776, 1.02324364, 2.23551992]))
Max no. 24 | (np.float64(0.00011865521444454048), array([ 1.64069555,  0.51535203,  0.35391022,  0.05371973,  0.70655846,
        5.91396209, 10.32565852,  0.47563193,  4.60361458]))
Max no. 25 | (np.float64(0.00011823512630481477), array([ 1.6525291 ,  0.27860769,  0.3454455 ,  0.0541977 ,  0.70754649,
        5.90580858, 10.81132056,  0.42101778,  4.65597703]))
Max no. 26 | (np.float64(0.00011811662571873054), array([1.40689492, 0.69522143, 0.4301966 , 0.41666977, 0.53177777,
       2.30457425, 4.5954249 , 1.4339593 , 1.21      ]))
Max no. 27 | (np.float64(0.00011695844499264809), array([1.3609661 , 0.65063306, 0.41721476, 0.79483166, 0.1634061 ,
       2.81274956, 8.91741892, 0.27517849, 6.98157558]))
Max no. 28 | (np.float64(0.00011402243248261122), array([ 1.69530567,  0.58076557,  0.35538131,  0.44345863,  0.36331506,
       11.78013561, 10.24874154,  0.79773475,  3.14603882]))
Max no. 29 | (np.float64(0.00011373163480074406), array([ 1.68471045,  1.24946197,  1.10048505,  0.62756143,  0.51902053,
        2.90058976, 12.24814998,  0.03438861,  4.87566952]))
Max no. 30 | (np.float64(0.00011225007726135224), array([ 1.63091588,  1.23747874,  0.44802325,  0.04710583,  0.70962089,
        6.05784999, 10.35104732,  0.59337993,  4.90874198]))
Max no. 31 | (np.float64(0.00011202763217405539), array([1.58180362, 0.92219351, 0.79582168, 0.43378637, 0.21736257,
       9.83761277, 5.25527809, 0.55764841, 4.9301446 ]))
Max no. 32 | (np.float64(0.00011122155624467693), array([ 1.51831538,  0.20309058,  0.47353603,  0.54644825,  0.2040466 ,
        6.69935052, 11.17247841,  0.8678139 ,  5.89699305]))
Max no. 33 | (np.float64(0.00011081367247584489), array([ 1.72910407,  1.22251492,  0.36574605,  0.02456386,  0.53321157,
       10.33278474,  5.58947771,  1.40457188,  4.29200395]))
Max no. 34 | (np.float64(0.00011047451777938049), array([ 1.64177959,  0.50351604,  0.34999813,  0.04908256,  0.70869716,
        6.02126701, 10.31169891,  0.48208748,  4.6371655 ]))
Max no. 35 | (np.float64(0.00011014512112662775), array([ 1.64206051,  0.30226916,  0.33844019,  0.04660387,  0.70990387,
        5.9868062 , 10.32696804,  0.42161666,  4.58602592]))
Max no. 36 | (np.float64(0.00010957527289696282), array([1.53890637, 0.56277525, 0.1490815 , 1.49654406, 0.07680441,
       3.03215815, 2.91187249, 0.89434231, 3.25797715]))
Max no. 37 | (np.float64(0.00010842575057920645), array([1.30000744, 0.88607407, 0.09194189, 1.07890317, 0.11083063,
       4.91305278, 3.98822691, 0.97087189, 4.23398459]))
Max no. 38 | (np.float64(0.00010785707948401927), array([1.57239533, 2.14514283, 1.24620923, 0.92722686, 0.67131292,
       1.34563379, 5.003537  , 1.87188782, 4.99701182]))
Max no. 39 | (np.float64(0.00010780142244125843), array([ 1.64053648,  2.35025082,  0.34577741,  0.0488087 ,  0.70877328,
        6.00422472, 10.32319814,  0.49082815,  4.64012532]))
Max no. 40 | (np.float64(0.00010514133645704467), array([ 1.57835427,  0.77271575,  0.71977308,  1.08257513,  0.48681958,
        9.08715049,  4.17593   ,  0.11947112, 10.33166573]))
Max no. 41 | (np.float64(0.00010498073979563659), array([1.79903218, 1.08814564, 1.25373911, 1.38009848, 0.77828114,
       5.97330857, 3.86512821, 0.03880586, 1.2611639 ]))
Max no. 42 | (np.float64(0.00010385719922465925), array([1.60369214, 1.03606577, 0.7626356 , 1.21120481, 0.72296965,
       2.053067  , 2.82841708, 0.80948732, 7.01393886]))
Max no. 43 | (np.float64(0.0001029013500256869), array([1.57252647, 2.13330486, 1.24693802, 0.92746069, 0.67119477,
       1.34975292, 5.02136543, 1.87101545, 5.01074849]))
Max no. 44 | (np.float64(0.00010272211799931744), array([ 1.64337083,  0.25492021,  0.33430144,  0.04749181,  0.70943541,
        5.78401372, 10.45458829,  0.44123383,  4.6512756 ]))
Max no. 45 | (np.float64(0.00010258205135926112), array([1.58266206, 0.91035617, 0.79865806, 0.43812022, 0.22014282,
       9.86635513, 5.27080983, 0.56237783, 5.01537259]))
Max no. 46 | (np.float64(0.00010235791825410202), array([1.63985005, 2.15626376, 0.7659014 , 0.93855081, 0.36847296,
       3.54372921, 6.65064763, 0.25706925, 4.22987401]))
Max no. 47 | (np.float64(0.00010207454325043234), array([1.58400546, 0.18824025, 0.79418904, 0.42496079, 0.22387744,
       9.8959474 , 5.23041799, 0.57488497, 5.12822587]))
Max no. 48 | (np.float64(0.00010124588876639038), array([1.57997983, 0.93403113, 0.79580769, 0.42984829, 0.22122127,
       9.82865557, 5.23350076, 0.55697072, 4.74622602]))
Max no. 49 | (np.float64(0.00010016588511973372), array([1.73814038, 1.27215157, 0.76452297, 0.32350608, 0.7417851 ,
       3.33800651, 1.41408141, 0.12709904, 8.49882565]))
Max no. 50 | (np.float64(0.00010014226307417492), array([1.4684925 , 1.20237659, 0.93636502, 0.11482454, 0.16702735,
       9.42942551, 7.14879135, 0.96885896, 1.6336309 ]))
Max no. 51 | (np.float64(9.942349473621021e-05), array([ 1.67797295,  0.63995945,  0.34254161,  0.43854412,  0.33365261,
       11.71151892,  9.97697334,  0.77012182,  1.30038332]))
Max no. 52 | (np.float64(9.783715310099566e-05), array([ 1.64193531,  0.47984056,  0.35194369,  0.05065609,  0.70824661,
        6.04085392, 10.31295676,  0.50056435,  4.66326928]))
Max no. 53 | (np.float64(9.63787736180712e-05), array([ 1.64042028,  2.338413  ,  0.34803779,  0.04979648,  0.70780805,
        6.03401889, 10.32544483,  0.49579375,  4.64135302]))
Max no. 54 | (np.float64(9.6065525626611e-05), array([1.6398856 , 2.16810161, 0.76519324, 0.93463064, 0.36928807,
       3.53549357, 6.62013431, 0.25457138, 4.22853686]))
Max no. 55 | (np.float64(9.602944943674077e-05), array([ 1.51242434,  1.51211935,  0.61094413,  0.91816495,  0.56437277,
        3.46503534, 10.34753751,  0.9107922 ,  3.01256666]))
Max no. 56 | (np.float64(9.486387037126265e-05), array([1.36669264, 0.14014423, 0.45072576, 0.79477445, 0.2414145 ,
       7.71614749, 8.88148498, 0.01656186, 1.21234067]))
Max no. 57 | (np.float64(9.477396085696662e-05), array([1.3031184 , 0.77410188, 0.3908674 , 0.41485529, 0.78882022,
       3.51484898, 5.02994125, 0.01945622, 1.21665434]))
Max no. 58 | (np.float64(9.40702561369152e-05), array([1.79881954, 0.52964863, 0.41794625, 1.53383745, 0.17875361,
       3.30092537, 7.96536509, 0.02980581, 5.74381513]))
Max no. 59 | (np.float64(9.365797408056283e-05), array([1.46874611, 1.74822105, 0.81524581, 0.57519669, 0.25496233,
       1.83179386, 4.8555537 , 2.10169116, 3.21885206]))
Max no. 60 | (np.float64(9.278267620480329e-05), array([1.55436805, 2.09977209, 0.09383714, 1.27197767, 0.47250683,
       3.00592853, 2.60510367, 0.01589108, 6.21828641]))
Max no. 61 | (np.float64(9.23383088243273e-05), array([1.6388614 , 0.68833594, 0.73834128, 1.04857405, 0.38471121,
       3.35934919, 6.6125141 , 0.27544131, 3.8117553 ]))
Max no. 62 | (np.float64(9.22829620221454e-05), array([1.70217712, 1.86128152, 0.68940181, 0.0635938 , 0.29808076,
       2.92919004, 6.7593478 , 1.91299976, 5.50151185]))
Max no. 63 | (np.float64(9.180159976478703e-05), array([1.78534869, 1.402074  , 0.11718773, 0.13567482, 0.37588269,
       7.78649715, 6.14775216, 1.27827177, 2.48183754]))
Max no. 64 | (np.float64(9.173032627548774e-05), array([1.78535143, 1.60332073, 0.11732504, 0.13571723, 0.37586635,
       7.78658155, 6.14781272, 1.27830543, 2.48218471]))
Max no. 65 | (np.float64(9.144289159349933e-05), array([ 1.64155838,  0.23124066,  0.32942558,  0.04669076,  0.70988966,
        5.92996335, 10.33185213,  0.45103616,  4.6130263 ]))
Max no. 66 | (np.float64(9.142854015081868e-05), array([1.30779346, 1.14050411, 0.283652  , 1.28788483, 0.1453557 ,
       2.04297785, 4.55713232, 0.08613041, 1.25920321]))
Max no. 67 | (np.float64(9.085930399652249e-05), array([ 1.64195197,  0.24308032,  0.33317806,  0.04692653,  0.70972967,
        5.81664917, 10.39668626,  0.45005364,  4.63218189]))
Max no. 68 | (np.float64(8.948126304224316e-05), array([ 1.64203818,  0.46800242,  0.35176926,  0.0497085 ,  0.70869307,
        6.03537367, 10.31260834,  0.50798568,  4.67072419]))
Max no. 69 | (np.float64(8.558683077889661e-05), array([1.57826414, 0.80395361, 0.71590613, 0.17891041, 0.05037929,
       5.48442412, 2.97242846, 0.05249499, 4.07758665]))
Max no. 70 | (np.float64(8.53477560394756e-05), array([1.33234431, 0.15831231, 0.28239218, 1.14625198, 0.20097747,
       8.13721209, 8.83477336, 0.21242579, 1.63958897]))
Max no. 71 | (np.float64(8.360754095071933e-05), array([1.48516195, 0.75137435, 1.02766606, 1.51858517, 0.57114056,
       2.43889154, 1.40289227, 1.18745421, 3.83415715]))
Max no. 72 | (np.float64(8.337051485413324e-05), array([1.32620215, 1.32324949, 0.07131261, 0.57534322, 0.04766997,
       7.75665291, 2.93758073, 0.34658717, 7.2820298 ]))
Max no. 73 | (np.float64(8.330458707797853e-05), array([1.60350066, 0.95320102, 0.77487028, 1.21134926, 0.72276874,
       2.09454107, 3.09114081, 0.86039914, 7.04135988]))
Max no. 74 | (np.float64(8.328865165379559e-05), array([1.64774697, 0.67262342, 0.5439076 , 0.53816087, 0.73015257,
       6.77011542, 4.55982045, 0.36374339, 1.28050566]))
Max no. 75 | (np.float64(8.294944223228642e-05), array([ 1.64183363,  0.45616427,  0.35405072,  0.05078719,  0.70987073,
        6.03308387, 10.31157061,  0.51278681,  4.67765286]))
Max no. 76 | (np.float64(8.239845451109017e-05), array([1.64873906, 0.66078634, 0.55098632, 0.55201098, 0.73049347,
       6.85515373, 4.56281732, 0.36736501, 1.30771716]))
Max no. 77 | (np.float64(7.961016485760488e-05), array([1.38859454, 1.48380763, 0.47232015, 1.26236025, 0.09521268,
       4.24149322, 3.89018118, 0.28957854, 2.27742281]))
Max no. 78 | (np.float64(7.941537037046281e-05), array([1.41111163, 1.45009664, 0.74644775, 0.18087097, 0.34230053,
       2.618526  , 4.18362684, 1.37458201, 2.60554619]))
Max no. 79 | (np.float64(7.940980648637897e-05), array([ 1.41719608,  0.72425607,  1.20138628,  0.53495882,  0.27152145,
        2.70802918,  3.47131937,  0.01588999, 11.59536133]))
Max no. 80 | (np.float64(7.926273523333537e-05), array([1.51430975, 0.55046558, 0.98217597, 0.54778126, 0.18241688,
       5.57334762, 6.23782204, 0.73568984, 1.21      ]))
Max no. 81 | (np.float64(7.818726871800063e-05), array([ 1.6438639 ,  1.73467247,  0.36225808,  0.04654219,  0.70993824,
        6.10836177, 10.30125827,  0.48996246,  4.64973759]))
Max no. 82 | (np.float64(7.796499284143468e-05), array([ 1.38614691,  1.33569294,  0.41499577,  0.27644309,  0.55684773,
        1.43662868, 11.51852953,  0.83986886,  4.25444484]))
Max no. 83 | (np.float64(7.744914687130026e-05), array([1.72615709, 0.21204994, 0.98638117, 0.47005445, 0.38048273,
       3.02061451, 7.50054529, 1.92227235, 3.75972611]))
Max no. 84 | (np.float64(7.705251017904423e-05), array([1.41133465, 1.42642061, 0.74733787, 0.18157084, 0.34254928,
       2.63975332, 4.18428119, 1.37380579, 2.62218525]))
Max no. 85 | (np.float64(7.584048106333479e-05), array([1.52855807, 2.11310689, 0.87050086, 0.89235277, 0.4200715 ,
       1.21      , 3.02571169, 0.01588999, 1.21      ]))
Max no. 86 | (np.float64(7.575887914255666e-05), array([ 1.64157076,  0.21940245,  0.33367086,  0.04663435,  0.70988742,
        5.95686088, 10.32037481,  0.45943916,  4.61274738]))
Max no. 87 | (np.float64(7.369404555430179e-05), array([1.79904727, 1.00443617, 0.29586467, 0.50323987, 0.64163807,
       2.56560621, 9.22651606, 0.18241567, 3.05052019]))
Max no. 88 | (np.float64(7.335287163004448e-05), array([1.4113106 , 1.41458255, 0.74715361, 0.18173832, 0.34237265,
       2.63401887, 4.18523058, 1.37475589, 2.62657746]))
Max no. 89 | (np.float64(6.776835547958092e-05), array([ 1.64356695,  1.80570056,  0.35377258,  0.05128259,  0.70795684,
        6.0516019 , 10.31198415,  0.48127922,  4.6335912 ]))
Max no. 90 | (np.float64(6.757353961725351e-05), array([1.76020256, 1.19068158, 0.83461184, 0.64700109, 0.3796842 ,
       4.59229747, 3.35421796, 0.22328617, 1.32016924]))
Max no. 91 | (np.float64(6.688107381778995e-05), array([1.76170152, 1.1788439 , 0.82702682, 0.66358209, 0.38813446,
       4.55921157, 3.62365913, 0.20699702, 1.21      ]))
Max no. 92 | (np.float64(6.635023578632689e-05), array([ 1.44129688,  0.81438166,  0.24272899,  0.25568147,  0.31457744,
       10.55798235,  2.04436564,  1.08016586,  3.22070222]))
Max no. 93 | (np.float64(6.531357849621407e-05), array([1.46547327, 1.59905485, 0.56282219, 0.18183535, 0.30838552,
       4.4969199 , 3.78932527, 2.02023557, 1.28774712]))
Max no. 94 | (np.float64(6.508274026370091e-05), array([ 1.3       ,  0.73801063,  0.22989912,  0.0159046 ,  0.48510168,
        4.60704159, 12.05634883,  0.01588999,  1.21      ]))
Max no. 95 | (np.float64(6.507170816525226e-05), array([1.76027715, 1.22619126, 0.81839435, 0.65613298, 0.37216482,
       4.22604589, 3.2212942 , 0.21371877, 1.37397549]))
Max no. 96 | (np.float64(6.504286930601604e-05), array([1.51056828, 1.29439872, 0.67478992, 1.12606736, 0.59504826,
       1.23082424, 3.65039226, 0.01598895, 1.21020192]))
Max no. 97 | (np.float64(6.402488804636677e-05), array([1.44306123, 0.94803763, 0.6462946 , 0.84407938, 0.67245347,
       7.95039166, 9.07258667, 0.26776567, 2.19553188]))
Max no. 98 | (np.float64(6.372895470602288e-05), array([1.60379577, 0.70460062, 0.76317282, 1.21159639, 0.72279347,
       2.05348799, 2.84560276, 0.81186004, 7.01777069]))
Max no. 99 | (np.float64(6.321596840338101e-05), array([1.46549181, 1.634569  , 0.56269796, 0.18217689, 0.3086056 ,
       4.50031633, 3.78917277, 2.02012682, 1.2802607 ]))
Max no. 100 | (np.float64(6.321275313846993e-05), array([1.56039501, 0.84099291, 0.39254062, 1.2027362 , 0.54211507,
       3.57867543, 7.55108362, 0.60015832, 1.335651  ]))
Max no. 101 | (np.float64(6.229653851906432e-05), array([1.56398278, 1.35617075, 0.15851778, 1.23819342, 0.33106776,
       2.97250686, 4.46328202, 0.01588999, 1.57359249]))
Max no. 102 | (np.float64(6.198337097951052e-05), array([1.64003214, 2.17993933, 0.76571075, 0.93120597, 0.37096901,
       3.5361973 , 6.57886233, 0.2509319 , 4.23008524]))
Max no. 103 | (np.float64(6.1677248730243e-05), array([ 1.4906669 ,  1.50459387,  0.01589002,  0.09968197,  0.50878576,
        6.24278247, 10.05356223,  0.55551906,  3.33832573]))
Max no. 104 | (np.float64(6.120665945893423e-05), array([1.63994595, 1.10268095, 0.78409591, 0.93047674, 0.36622191,
       3.72342017, 6.75784623, 0.27022231, 4.25308552]))
Max no. 105 | (np.float64(6.065508582136968e-05), array([1.8       , 1.30904152, 0.82889338, 0.71387794, 0.45057885,
       4.81288888, 4.47241573, 0.21925249, 2.25014268]))
Max no. 106 | (np.float64(5.986969882779409e-05), array([ 1.61327985,  0.12242837,  0.70583798,  1.19026517,  0.28317784,
       11.65606447, 12.24800507,  0.3630659 ,  6.52978442]))
Max no. 107 | (np.float64(5.888595129759755e-05), array([1.7613463 , 1.16700375, 0.83382557, 0.66940858, 0.37731903,
       4.47184106, 3.51772586, 0.20656282, 1.29032252]))
Max no. 108 | (np.float64(5.876463262145858e-05), array([1.4064423 , 1.9458646 , 0.05311967, 0.72051593, 0.16546134,
       9.69148201, 4.4016721 , 0.01588999, 1.21      ]))
Max no. 109 | (np.float64(5.856335394074733e-05), array([1.487122  , 0.73158351, 0.06726951, 0.35304996, 0.47456784,
       4.30220911, 5.85891426, 2.37428318, 1.38405707]))
Max no. 110 | (np.float64(5.8250185150326555e-05), array([1.6417383 , 2.20361362, 0.77747876, 0.93883151, 0.37943618,
       3.61044983, 6.41916089, 0.23751757, 4.27673177]))
Max no. 111 | (np.float64(5.620694359103146e-05), array([1.73952102, 2.18328393, 0.01588999, 1.51170161, 0.41810675,
       9.17405229, 1.98638673, 0.020425  , 4.16549962]))
Max no. 112 | (np.float64(5.354592823131391e-05), array([1.66609776, 0.14670947, 0.71634806, 1.54602109, 0.13812661,
       7.57027901, 2.60269774, 0.65865011, 2.14706167]))
Max no. 113 | (np.float64(5.301861561180304e-05), array([1.3457084 , 1.76118579, 0.24075383, 0.13148737, 0.60179709,
       2.34341485, 5.44559673, 0.85571848, 5.72455564]))
Max no. 114 | (np.float64(5.278631711788969e-05), array([1.65277199, 2.03994121, 1.182737  , 0.85878166, 0.56894836,
       2.94545997, 1.74119442, 0.82871719, 6.62343023]))
Max no. 115 | (np.float64(5.067121708092905e-05), array([ 1.64372348,  1.79386252,  0.35392896,  0.05242456,  0.70750355,
        6.05256087, 10.31264749,  0.482341  ,  4.63532151]))
Max no. 116 | (np.float64(5.022375166411866e-05), array([1.577357  , 1.13265434, 0.19082755, 0.34890511, 0.33885561,
       3.83974874, 2.64007736, 1.38510237, 9.91813915]))
Max no. 117 | (np.float64(5.005134618672696e-05), array([ 1.64139005,  1.43872181,  0.36391127,  0.05090333,  0.71218896,
        6.09006409, 10.27760575,  0.49363437,  4.63827012]))
Max no. 118 | (np.float64(4.9389034575361004e-05), array([1.41135696, 1.39090649, 0.74723166, 0.18225256, 0.34212945,
       2.62773609, 4.18723123, 1.37774411, 2.66514778]))
Max no. 119 | (np.float64(4.781109184444052e-05), array([1.37762235, 1.54299799, 0.70521636, 1.11323385, 0.65507774,
       5.39505471, 1.22070866, 0.01671765, 1.21136563]))
Max no. 120 | (np.float64(4.696753181630132e-05), array([ 1.30051889,  2.29866014,  0.15637772,  0.23399746,  0.25696572,
        9.35773721,  3.22793603,  0.01588999, 10.02952663]))
Max no. 121 | (np.float64(4.652636051239375e-05), array([ 1.39568685,  0.17276834,  0.13712493,  1.44954616,  0.34700407,
       12.0819013 ,  3.6895427 ,  0.03836328,  1.25490539]))
Max no. 122 | (np.float64(4.636110388067323e-05), array([1.64899906, 0.89754232, 0.44532234, 0.60435619, 0.72973667,
       6.34726188, 4.68221646, 0.35566436, 1.37415161]))
Max no. 123 | (np.float64(4.6286489014701065e-05), array([1.41122754, 1.37906845, 0.74714027, 0.18179683, 0.34219819,
       2.62146629, 4.18599086, 1.37882957, 2.67061493]))
Max no. 124 | (np.float64(4.6143935229930176e-05), array([1.55363324, 1.66137802, 0.66548642, 0.85635841, 0.51515639,
       1.21024025, 9.6738502 , 0.35399796, 3.20442398]))
Max no. 125 | (np.float64(4.574629543393145e-05), array([1.48219575, 1.51932149, 0.75833063, 0.95269031, 0.50516015,
       1.27645082, 2.65930607, 0.01588999, 1.21      ]))
Max no. 126 | (np.float64(4.573154590946249e-05), array([1.65055986, 2.02810293, 1.19821459, 0.86025888, 0.56982354,
       2.90224388, 1.76689705, 0.84449029, 6.52060519]))
Max no. 127 | (np.float64(4.55557491303391e-05), array([1.77877228, 2.27494024, 0.18650983, 0.24339849, 0.5083477 ,
       4.4238958 , 3.53280908, 0.9118261 , 1.21      ]))
Max no. 128 | (np.float64(4.490046237507347e-05), array([ 1.48356616,  0.58896001,  0.19673534,  1.18430575,  0.21784392,
        6.67390418,  9.76948509,  0.01593301, 10.06786112]))
Max no. 129 | (np.float64(4.368747150334467e-05), array([1.57013513, 2.00679476, 0.85569696, 1.17849957, 0.7360938 ,
       1.88433771, 2.92630627, 0.87213228, 6.75880497]))
Max no. 130 | (np.float64(4.097579436349699e-05), array([ 1.53871222,  1.36816668,  0.01935707,  1.25571836,  0.04923306,
       12.24823226,  1.52161136,  1.00443957,  2.02160646]))
Max no. 131 | (np.float64(3.960763348653304e-05), array([1.72376718, 0.8687641 , 0.93140409, 0.1744259 , 0.68839076,
       9.36382378, 5.01283633, 1.27091366, 3.87554071]))
Max no. 132 | (np.float64(3.957807960310329e-05), array([1.56776206, 1.67817831, 0.11781582, 0.82470503, 0.07504176,
       4.23569461, 5.86662604, 0.12028821, 1.31343718]))
Max no. 133 | (np.float64(3.946064192653198e-05), array([1.3168408 , 1.12609081, 0.29524821, 0.27383765, 0.50819803,
       3.25873703, 5.25410907, 0.18347276, 6.81129973]))
Max no. 134 | (np.float64(3.870905976694425e-05), array([ 1.64380299,  1.78202448,  0.35443768,  0.05286423,  0.70738114,
        6.0529244 , 10.31350317,  0.48294503,  4.63652459]))
Max no. 135 | (np.float64(3.7149236575283275e-05), array([ 1.3203493 ,  1.29438955,  0.07210937,  0.08379006,  0.38224307,
       11.42353967,  3.39741371,  0.14822197,  1.3388406 ]))
Max no. 136 | (np.float64(3.4723282355092594e-05), array([1.64839911, 0.60159971, 0.56020096, 0.54498921, 0.72936291,
       7.00653451, 4.42906155, 0.37210565, 1.35890541]))
Max no. 137 | (np.float64(3.41709642189555e-05), array([1.78811037, 1.61445453, 0.67221555, 0.92397797, 0.57401016,
       4.98816251, 4.90975279, 0.76869528, 2.64478434]))
Max no. 138 | (np.float64(3.276895202523921e-05), array([1.3       , 2.0401954 , 0.55862005, 0.3079409 , 0.41751344,
       2.57680302, 3.77532089, 0.01589129, 3.221478  ]))
Max no. 139 | (np.float64(3.2727386523944294e-05), array([1.51944086, 1.06947585, 0.26407963, 0.58882753, 0.1828039 ,
       1.21000468, 2.28310932, 0.05870099, 1.25417957]))
Max no. 140 | (np.float64(3.126093179939732e-05), array([1.50956456, 2.24703294, 0.31343831, 0.25173947, 0.55558942,
       1.91731932, 3.15500882, 0.01588999, 4.43745289]))
Max no. 141 | (np.float64(3.117202174102861e-05), array([1.31375842, 1.04944293, 0.20603746, 0.41026032, 0.34024257,
       2.85830437, 1.4409341 , 0.01588999, 1.21      ]))
Max no. 142 | (np.float64(2.9446518652294434e-05), array([1.43158575, 0.78877151, 0.80090395, 0.17424626, 0.38966508,
       2.51662102, 6.65882369, 0.59612999, 7.49712054]))
Max no. 143 | (np.float64(2.8800912892893842e-05), array([1.73729231, 1.94532973, 0.66964474, 0.40025324, 0.35205848,
       2.04804609, 3.78045333, 0.05947452, 6.47598962]))
Max no. 144 | (np.float64(2.861818687186377e-05), array([1.63980475, 1.1145167 , 0.77218453, 0.93801785, 0.36741876,
       3.59903368, 6.68239545, 0.26421507, 4.22936913]))
Max no. 145 | (np.float64(2.7771369771862024e-05), array([ 1.64385479,  1.77018645,  0.35507087,  0.05299325,  0.70743045,
        6.05246922, 10.31478118,  0.48294367,  4.63706475]))
Max no. 146 | (np.float64(2.7697970512877632e-05), array([1.69619644, 2.30552785, 0.05953383, 0.05579419, 0.48051673,
       3.50062693, 6.66497742, 1.56155918, 1.21      ]))
Max no. 147 | (np.float64(2.7359883512978388e-05), array([ 1.3       ,  1.03292645,  0.13209854,  0.01588999,  0.54637054,
        9.10016917, 11.7103303 ,  1.92043931,  1.21      ]))
Max no. 148 | (np.float64(2.6426604751433383e-05), array([1.75995752, 0.84737412, 0.81630978, 0.66574274, 0.37028293,
       4.1731222 , 3.2982394 , 0.20976876, 1.354368  ]))
Max no. 149 | (np.float64(2.4395142085489014e-05), array([1.70683685, 0.12325137, 0.9288776 , 1.5889991 , 0.20257012,
       9.17026915, 4.93857262, 0.74294881, 1.74398962]))
Max no. 150 | (np.float64(2.34761613249578e-05), array([1.52216181, 1.26545679, 0.2572286 , 0.28845446, 0.48037046,
       5.3503963 , 3.90941358, 1.16000429, 1.21000052]))
Max no. 151 | (np.float64(2.3473016962697418e-05), array([ 1.79999999,  1.90421247,  0.51848174,  0.15242873,  0.61974799,
        4.05301011, 11.63206169,  0.40617482,  3.15175481]))
Max no. 152 | (np.float64(2.0639608392971568e-05), array([ 1.74383022,  1.84593237,  0.05033661,  0.07768458,  0.47785888,
        6.04684784, 11.85676598,  0.35723987,  8.02492436]))
Max no. 153 | (np.float64(2.008799932156304e-05), array([1.30780993, 1.83252825, 0.02533346, 0.04859959, 0.535519  ,
       6.40720112, 2.8550619 , 0.02691957, 6.39467479]))
Max no. 154 | (np.float64(1.9317031628305235e-05), array([1.44657121, 1.9854889 , 0.29853901, 0.58437794, 0.63361547,
       3.74264185, 1.27734837, 0.01588999, 1.21      ]))
Max no. 155 | (np.float64(1.7176495137108776e-05), array([ 1.38243345,  0.96870994,  0.42924655,  0.20773775,  0.5631662 ,
        1.5116994 , 11.33264783,  0.7879411 ,  4.02275103]))
Max no. 156 | (np.float64(1.7094946778017865e-05), array([ 1.63916588,  0.10002547,  0.58356083,  1.17402007,  0.23858937,
       12.1419086 ,  4.82773926,  0.16139785,  7.06951022]))
Max no. 157 | (np.float64(1.4771557199144895e-05), array([1.78497541, 1.72170126, 0.04449247, 0.11645358, 0.38505399,
       7.73035702, 6.12333543, 1.29619606, 2.60187061]))
Max no. 158 | (np.float64(1.4389933269420177e-05), array([1.7854113 , 1.57964467, 0.11810806, 0.13683877, 0.37542852,
       7.78745334, 6.1492707 , 1.27851214, 2.48577178]))
Max no. 159 | (np.float64(1.1447982432086308e-05), array([1.52966059, 1.34177243, 0.05708434, 1.58758973, 0.27005132,
       2.08716856, 1.43518872, 0.39966507, 2.02905599]))
Max no. 160 | (np.float64(1.0026697906560587e-05), array([1.32423203, 2.08763845, 0.1068967 , 1.14110564, 0.43869231,
       2.17957178, 3.91323504, 0.81470507, 1.21      ]))
Max no. 161 | (np.float64(8.834188633731757e-06), array([1.67935594, 1.99998204, 0.08281758, 0.94221438, 0.23548826,
       9.66853848, 1.53165068, 2.00557017, 2.83938022]))
Max no. 162 | (np.float64(8.221160933955071e-06), array([1.61249417, 2.23769238, 0.07938308, 1.34892734, 0.05812453,
       1.30091099, 1.4591292 , 0.01589527, 4.89683529]))
Max no. 163 | (np.float64(7.545408565380502e-06), array([1.30018119, 1.8791971 , 0.53274997, 1.15682852, 0.2435111 ,
       1.2450336 , 1.60304363, 1.15217597, 3.32349842]))
Max no. 164 | (np.float64(6.818777895920277e-06), array([1.8       , 1.47482225, 0.07218495, 1.19704938, 0.21232513,
       1.21      , 1.28428284, 0.01589294, 1.2100313 ]))
Max no. 165 | (np.float64(6.556326629558677e-06), array([1.36696861, 1.6921409 , 0.11191756, 0.79889445, 0.09272528,
       7.30371707, 4.6361315 , 0.46128679, 1.40625578]))
Max no. 166 | (np.float64(6.208808451681272e-06), array([1.30000047, 1.63770193, 0.05610389, 0.99081448, 0.20068498,
       1.21000561, 1.60632747, 0.05005471, 1.21000117]))
Max no. 167 | (np.float64(6.007703121210003e-06), array([1.37297189, 1.46688068, 0.01588999, 1.00696818, 0.3691289 ,
       6.25448397, 1.38087765, 0.01589011, 3.65423357]))
Max no. 168 | (np.float64(5.209167300593584e-06), array([1.30268817, 1.89112202, 0.03520668, 0.78686706, 0.06214055,
       8.62427219, 1.21000431, 1.24301761, 1.24230069]))
Max no. 169 | (np.float64(3.993350651682283e-06), array([ 1.4172531 ,  1.55532334,  0.02188117,  0.91806998,  0.05036907,
        8.0005297 ,  7.87785589,  0.01589205, 12.23477004]))
Max no. 170 | (np.float64(1.7524738594572897e-06), array([1.41921973, 2.08702864, 0.26521366, 0.29798333, 0.59206609,
       2.32662705, 3.54001454, 0.43644902, 6.05221328]))
Max no. 171 | (np.float64(1.2439090692057606e-06), array([1.79999923, 2.25684158, 0.01588999, 0.01588999, 0.70318797,
       6.6568435 , 5.19020379, 0.01588999, 1.21      ]))
Max no. 172 | (np.float64(1.2188325643885427e-06), array([1.38069844, 0.85871399, 0.02231015, 0.3793549 , 0.62330528,
       7.47481566, 1.28267458, 0.06784687, 1.29013188]))
Max no. 173 | (np.float64(9.977498738477463e-07), array([1.62718739, 2.28638159, 0.02461505, 0.01706263, 0.58986853,
       4.77054192, 4.01441617, 0.01588999, 1.76089393]))
Max no. 174 | (np.float64(-3.324484240076386e-07), array([1.76136464, 2.0573331 , 0.10147522, 0.09508905, 0.54523598,
       8.49597391, 5.38436925, 0.01589018, 5.2943944 ]))
Max no. 175 | (np.float64(-5.120826910605337e-07), array([1.35911288, 0.98660954, 0.2397061 , 0.24386991, 0.66592557,
       1.26145324, 1.21941328, 0.01588999, 1.21      ]))
Max no. 176 | (np.float64(-1.0640183322686682e-06), array([1.73811519, 2.32430844, 0.0165382 , 0.22369625, 0.79446117,
       6.12305691, 1.37671206, 0.28312965, 1.21027612]))
Max no. 177 | (np.float64(-4.87749645262778e-06), array([1.79594149, 1.15234215, 0.33853164, 0.477353  , 0.794499  ,
       1.58777063, 1.21015873, 1.81316649, 1.21      ]))
Max no. 178 | (np.float64(-6.63434541463278e-06), array([1.55264702, 2.22206237, 0.03770478, 0.47178183, 0.46718927,
       7.67529072, 1.54237317, 1.54585683, 1.21      ]))
Max no. 179 | (np.float64(-9.449598588028674e-06), array([1.52842132, 1.56975348, 0.17229657, 0.19367724, 0.54122977,
       1.65378276, 1.32964864, 0.01588999, 1.21      ]))
Max no. 180 | (np.float64(-1.0000997952152897e-05), array([1.31937924, 1.53115954, 0.01588999, 0.17775358, 0.77767065,
       5.32370406, 1.51121443, 0.01588999, 1.21      ]))
Max no. 181 | (np.float64(-1.1530439255573222e-05), array([1.32660812, 1.64954192, 0.23217998, 0.83131007, 0.1288119 ,
       3.44159957, 1.52455669, 0.97163565, 1.63727958]))
Max no. 182 | (np.float64(-1.1906914469792017e-05), array([1.30354038, 1.96332449, 1.1443131 , 0.33264343, 0.19455922,
       1.75486252, 8.08499654, 1.84100103, 1.30981315]))
Max no. 183 | (np.float64(-1.8116229793873153e-05), array([1.30001099, 1.91779476, 0.60609054, 0.11732126, 0.70483357,
       1.33655704, 2.15773109, 0.01589621, 1.21001259]))
Max no. 184 | (np.float64(-2.4070587753419527e-05), array([1.35257158, 1.82660571, 0.21391265, 0.45087755, 0.72100048,
       3.96501095, 3.31961766, 0.01804167, 4.73840095]))
Max no. 185 | (np.float64(-3.1284042673381587e-05), array([1.38997518, 1.70271795, 0.01589009, 0.80945423, 0.2200169 ,
       6.94978912, 1.66182014, 0.83176292, 1.2845847 ]))
Max no. 186 | (np.float64(-4.0446818228649385e-05), array([1.71782956, 1.92546788, 0.39526399, 0.82207212, 0.43061046,
       1.53456118, 2.44953994, 2.3804612 , 8.43492212]))
Max no. 187 | (np.float64(-5.1598841863632804e-05), array([1.30099404, 2.06725109, 0.1215503 , 0.93241922, 0.28419593,
       3.79838424, 1.49902298, 0.01588999, 1.33668186]))
Max no. 188 | (np.float64(-6.631497541607978e-05), array([1.38209562, 2.31848188, 0.09798391, 1.15825109, 0.14658949,
       5.08885853, 4.04830391, 1.1798258 , 4.39491242]))
Max no. 189 | (np.float64(-0.00010615964553002383), array([1.46814416, 1.712707  , 0.81445688, 0.58939969, 0.2525249 ,
       1.81041172, 4.90510232, 2.10291104, 3.18204015]))
Max no. 190 | (np.float64(-0.00012046453487399258), array([1.50478523, 1.86457037, 0.71049625, 0.60107946, 0.54750038,
       4.20245607, 4.79494131, 0.01670405, 6.04041332]))
Max no. 191 | (np.float64(-0.000862549713253638), array([ 1.38052218,  2.21586956,  1.23826193,  0.47135885,  0.29676047,
        3.17796627,  3.49731891,  0.04779163, 11.60477419]))
Max no. 192 | (np.float64(-0.0041662428457120496), array([ 1.74281863,  1.97753716,  1.44597818,  0.51292077,  0.11416738,
        1.59123377, 10.48690843,  0.87395078,  2.35118425]))
Max no. 193 | (np.float64(-0.2033342037957579), array([1.35148857, 0.03956608, 0.0162882 , 0.01588999, 0.67420169,
       1.21      , 1.21000006, 0.45933528, 1.21      ]))
Max no. 194 | (np.float64(-0.23093579284775093), array([1.30000034, 0.03249358, 1.36034215, 0.01588999, 0.6164644 ,
       1.21013075, 2.33709055, 0.42826082, 1.21      ]))
Max no. 195 | (np.float64(-0.2834101315856889), array([1.30319857, 0.06324216, 0.07591483, 0.07704127, 0.65613629,
       1.21000067, 1.21      , 0.45294413, 1.21000091]))
Max no. 196 | (np.float64(-0.33096248291723424), array([1.30749286, 0.07508021, 0.0528946 , 0.03894033, 0.55297168,
       1.21      , 1.22709123, 0.45523542, 1.21      ]))
Max no. 197 | (np.float64(-0.3338032342547664), array([1.30000844, 0.0869183 , 1.58897536, 0.07709007, 0.60164226,
       1.21461948, 5.39163216, 0.37298078, 1.21      ]))
Max no. 198 | (np.float64(-0.35108327676473244), array([1.46041698, 0.05140703, 1.58899337, 0.18057485, 0.79449955,
       1.30412644, 3.40075   , 0.39300745, 1.29354717]))
Max no. 199 | (np.float64(-0.3749317034474839), array([1.35100067, 0.01589033, 0.01588999, 0.30287361, 0.67475522,
       5.32130591, 1.21563345, 0.42175696, 1.41444818]))
------------------------------------------------------------------------------------------------------------------------------------
