
------------------------------------------------------------------------------------------------------------------------------------
All maxima | (local maximum, local maximiser)
Max no. 0 | (0.024567267043657866, array([ 1.21201416,  1.12329372,  0.61050417,  0.01227038,  0.03681   ,
       11.59619079,  8.97861668,  1.84049148, 12.24993667]))
Max no. 1 | (0.02129099391420246, array([ 1.08208112,  1.69146282,  0.3099992 ,  0.88571141,  0.60935737,
        1.21      , 12.24999052,  0.01227   ,  4.93707811]))
Max no. 2 | (0.01997608086444169, array([1.15058182, 1.2337699 , 0.70740977, 0.50477589, 0.53363988,
       6.45679355, 7.78015208, 0.17170793, 7.421664  ]))
Max no. 3 | (0.01927518748390406, array([ 1.49265906,  1.11689685,  0.99351104,  0.89758361,  0.11477454,
       10.12937472,  4.76840201,  0.14739237,  8.84514156]))
Max no. 4 | (0.014213230598221122, array([ 1.5889991 ,  0.68145475,  1.16351838,  1.22699887,  0.48431871,
       12.24996847,  8.4398168 ,  1.84049984,  7.72484118]))
Max no. 5 | (0.01321177099862507, array([1.24980987, 0.19070887, 0.17772952, 0.36494647, 0.39770606,
       3.51152989, 4.30465991, 1.70864472, 9.78113469]))
Max no. 6 | (0.012469760535386502, array([1.16695892, 1.51402749, 0.8880316 , 1.05885444, 0.21209515,
       8.2583631 , 7.89723171, 1.56778394, 3.80020828]))
Max no. 7 | (0.012403550895208483, array([ 1.39337996,  0.98875951,  1.22610189,  0.65195852,  0.41765649,
       11.50335289,  3.94032373,  0.71614417, 11.27155428]))
Max no. 8 | (0.01134900847684936, array([ 1.58899968,  1.25028463,  0.83684376,  1.227     ,  0.61349977,
       10.40467981, 12.25      ,  1.8405    , 12.25      ]))
Max no. 9 | (0.010386690210422957, array([ 1.26495503,  0.75022163,  0.61440828,  0.97089814,  0.29408   ,
        5.4715523 , 10.22215642,  0.17358723,  3.60656728]))
Max no. 10 | (0.009961972237153833, array([ 1.26613765,  1.3651602 ,  1.22699247,  1.22699092,  0.35957842,
       12.24983422, 12.24989938,  1.84047814, 12.24983562]))
Max no. 11 | (0.009173019800207188, array([ 1.589     ,  1.77384068,  1.227     ,  0.89171608,  0.52499389,
       12.25      ,  9.37456601,  0.01237718, 12.25      ]))
Max no. 12 | (0.008800430606315529, array([1.09899961, 0.4351464 , 0.89638636, 0.35057515, 0.3966949 ,
       7.19633207, 8.76868436, 0.71433864, 8.20985278]))
Max no. 13 | (0.00846841858531195, array([1.10736799, 1.67836432, 0.93526174, 1.09473095, 0.20424189,
       7.62508863, 9.10469577, 0.57515704, 6.2435918 ]))
Max no. 14 | (0.008202974589696765, array([ 1.26469328,  1.61863074,  0.61297627,  0.96879098,  0.29449814,
        5.4608947 , 10.20611712,  0.17205334,  3.60308356]))
Max no. 15 | (0.00812009832863352, array([ 1.27592639,  1.36568992,  1.227     ,  0.32781429,  0.26577591,
       12.25      ,  7.40581956,  0.49276001,  3.76906204]))
Max no. 16 | (0.0076241817342924175, array([ 1.54186472,  1.54578159,  0.7614768 ,  0.9099554 ,  0.2944557 ,
        6.72364959,  3.50316768,  0.40855221, 11.76274436]))
Max no. 17 | (0.007623510463703841, array([ 1.27579184,  1.62655804,  0.71037426,  0.69553044,  0.58577687,
        2.50679874, 11.65404937,  0.08011092,  7.99339692]))
Max no. 18 | (0.006303711042682028, array([ 1.58899954,  0.9103978 ,  1.22699259,  1.19636535,  0.06365036,
       10.90402022,  9.78045487,  1.84049851, 12.24999291]))
Max no. 19 | (0.006173460210435808, array([ 1.37647037,  1.44990107,  1.08909691,  0.40106614,  0.37964219,
       11.20691093, 11.19074039,  1.1937452 ,  9.58433231]))
Max no. 20 | (0.006082563392344426, array([1.48291476, 1.65822097, 0.48893919, 0.80099024, 0.38076923,
       6.45848182, 8.55762777, 1.10045822, 1.50536608]))
Max no. 21 | (0.005902488670075678, array([1.32781798, 1.64933816, 1.10051646, 1.16872594, 0.26313505,
       7.43485875, 4.01990571, 0.75610419, 6.61814426]))
Max no. 22 | (0.0057220843473188565, array([1.06871146, 1.45840953, 0.14679242, 1.01216311, 0.40506102,
       5.83922711, 9.75567432, 0.04910214, 7.69627381]))
Max no. 23 | (0.005628396975924538, array([ 1.34623135,  1.31743787,  1.22163456,  0.95633203,  0.2731267 ,
        3.78162323, 11.59440934,  0.58236963,  4.79893907]))
Max no. 24 | (0.005501896233175056, array([ 1.38505069,  1.14020639,  1.22697921,  1.08060555,  0.1989813 ,
        9.95833983,  6.22704813,  1.16484723, 12.25      ]))
Max no. 25 | (0.005215683872786484, array([ 1.06198195,  1.42893958,  0.88551227,  1.11742858,  0.20779941,
        6.40263545,  8.58317046,  0.81370748, 11.89295453]))
Max no. 26 | (0.005151501396498167, array([1.20205454, 0.45994758, 0.41302506, 0.82130736, 0.38065726,
       9.63020052, 5.22286815, 0.2783822 , 6.12077279]))
Max no. 27 | (0.00514177504469309, array([1.28393161, 1.59778748, 0.36989935, 1.0416865 , 0.57376363,
       5.18495663, 8.23142174, 0.41012517, 8.94011234]))
Max no. 28 | (0.004998489561048714, array([ 1.44936841,  1.67502941,  1.17921564,  0.67822824,  0.48291298,
       10.48874116,  3.08468461,  0.21222114,  1.79958906]))
Max no. 29 | (0.0049533757903243705, array([ 1.54170688,  0.93886035,  0.40905829,  0.99270036,  0.58562273,
       12.07208231, 11.9318948 ,  1.39326204,  4.52523548]))
Max no. 30 | (0.004929428780829773, array([ 1.45671402,  1.83459775,  1.11102312,  0.28748395,  0.42752158,
       12.25      ,  3.34497193,  0.71365116,  8.33082026]))
Max no. 31 | (0.0049175957906035395, array([ 1.58897873,  1.35601905,  0.759658  ,  1.22695694,  0.52606473,
        7.29051097,  8.68411091,  1.84048442, 12.24980709]))
Max no. 32 | (0.004761017102551325, array([ 1.26282663,  1.69592879,  0.03008318,  0.95060759,  0.45186931,
       10.57891122,  4.43369837,  0.8674813 ,  5.55493002]))
Max no. 33 | (0.0047558093664523795, array([ 1.23010324,  1.52216994,  0.94689188,  1.16578086,  0.40138522,
        9.04702842, 10.85015553,  0.20710123,  1.87980587]))
Max no. 34 | (0.004713838175654738, array([ 1.19532665,  1.00680525,  0.39159046,  1.21247903,  0.29629712,
        1.93506994, 12.09645939,  1.01520856,  6.95371635]))
Max no. 35 | (0.004696074303363951, array([ 1.26305502,  1.73621292,  0.6451747 ,  0.947059  ,  0.35321423,
        6.01519534, 10.9175783 ,  0.01294327,  1.21162201]))
Max no. 36 | (0.00467966325986963, array([ 1.45130707,  1.8041162 ,  0.98373106,  1.15421638,  0.04104826,
       10.16061072,  8.42051624,  1.36824968,  3.28639849]))
Max no. 37 | (0.004605007601362092, array([ 1.589     ,  1.55617865,  1.12815824,  1.227     ,  0.61349786,
       12.25      , 12.25      ,  1.72256706, 12.25      ]))
Max no. 38 | (0.004569496241244958, array([ 1.14890969,  0.98094521,  1.11035795,  0.61597782,  0.3962548 ,
       11.75227598,  3.44772452,  0.33102497,  5.91931817]))
Max no. 39 | (0.004522136261513544, array([1.14067764, 1.2838875 , 0.59953144, 0.66843536, 0.53310941,
       3.28651434, 5.50902675, 0.60997769, 5.1944209 ]))
Max no. 40 | (0.0043722143464606225, array([ 1.32806703,  1.56099107,  0.63955848,  1.22699984,  0.43823677,
        8.26952731, 12.24999802,  1.84049948, 11.1373737 ]))
Max no. 41 | (0.004275860250140591, array([ 1.43366048,  1.34328052,  1.22698025,  0.970205  ,  0.61349916,
        8.12094924, 12.05087509,  1.80037316,  7.57641397]))
Max no. 42 | (0.004253524538363057, array([ 1.27363361,  1.30881515,  1.13175434,  0.31030504,  0.397011  ,
       11.15059283,  4.95129955,  0.41347671,  2.3917912 ]))
Max no. 43 | (0.004137598528216104, array([1.32597174, 1.71781972, 0.64637091, 0.56607094, 0.27033178,
       8.82919404, 5.55480816, 1.38198349, 4.06932947]))
Max no. 44 | (0.00413636681448035, array([ 1.40577734,  1.27976432,  0.84428283,  0.8745321 ,  0.45686731,
        3.55357213, 10.14361045,  0.71325465,  5.84188854]))
Max no. 45 | (0.003984007054489211, array([ 1.26570321,  1.16609773,  0.49187945,  1.12644246,  0.40790922,
        5.20283787, 11.31092212,  1.06373238, 10.57633718]))
Max no. 46 | (0.003957699184054575, array([ 1.38426967,  0.80721818,  0.85427952,  0.87748062,  0.32741562,
       11.67152395,  8.70763715,  0.19500407,  3.36106781]))
Max no. 47 | (0.003835021705562275, array([1.4117022 , 1.09299198, 1.18413277, 0.69773887, 0.32116222,
       5.84820211, 8.59656994, 1.34774581, 1.39477394]))
Max no. 48 | (0.00382975239598312, array([ 1.37693135,  1.39033532,  0.69147826,  1.09479752,  0.03681273,
        7.42058113, 10.3369371 ,  1.8404966 ,  7.95418446]))
Max no. 49 | (0.003828912801154158, array([ 1.2781578 ,  1.75396482,  0.41585274,  1.0090167 ,  0.19519895,
       12.11786094, 10.98033537,  0.98573873,  4.94291691]))
Max no. 50 | (0.0038286480445812784, array([ 1.26698305,  0.99685175,  0.99065016,  0.50192227,  0.35542711,
        9.81628122, 10.89972486,  0.19574367, 10.17732886]))
Max no. 51 | (0.003822914633852946, array([ 1.54470872,  0.8391446 ,  0.98862243,  0.66141011,  0.53930075,
       11.58870239,  2.30069529,  0.13053692,  2.21530759]))
Max no. 52 | (0.003815137816090638, array([ 1.21570525,  0.78795775,  0.89665609,  1.15268063,  0.09667295,
        9.19798186,  6.68099695,  0.43443247, 10.69006892]))
Max no. 53 | (0.0038081898320879684, array([1.11321811, 1.40747821, 0.54648342, 0.95139069, 0.51551783,
       1.83114265, 4.41929301, 0.39697897, 1.53777195]))
Max no. 54 | (0.003786337148098121, array([ 1.25136108,  1.64297439,  0.47135584,  0.70861537,  0.43610125,
        3.46332498, 10.34175168,  0.70321239,  3.01046655]))
Max no. 55 | (0.003697323354937481, array([ 1.57761043,  0.70472508,  1.22693388,  1.22689163,  0.27795387,
       11.32388854, 12.24914061,  1.67555233,  8.02216871]))
Max no. 56 | (0.0036788912704884486, array([1.20256585, 0.9327086 , 0.47239069, 1.14678082, 0.6086419 ,
       5.7691547 , 6.19236038, 0.12141038, 8.9522913 ]))
Max no. 57 | (0.003659134778245923, array([ 1.42304618,  1.03095636,  0.89954114,  1.14722529,  0.03681   ,
       10.29513157, 12.24947951,  1.84043001, 11.73291551]))
Max no. 58 | (0.0036354172840121226, array([1.29107497, 1.53733444, 0.48230249, 0.15415565, 0.46285322,
       3.95960649, 4.46919772, 0.01909462, 3.64563377]))
Max no. 59 | (0.0036251619496200545, array([ 1.58899448,  1.04169055,  1.22698927,  1.22699415,  0.40720498,
       12.24987473, 12.24988777,  0.83682936,  8.2385083 ]))
Max no. 60 | (0.0036200789066248035, array([ 1.56041142,  1.70448803,  0.93356167,  0.60397154,  0.5394466 ,
       11.80812718, 10.39182287,  1.71970241,  5.67487597]))
Max no. 61 | (0.003587544954490907, array([ 1.19399079,  0.54464714,  0.96233632,  0.49552754,  0.51571664,
       11.81781548,  6.39737524,  0.9801837 ,  8.20843888]))
Max no. 62 | (0.0035854482367342648, array([ 1.57019843,  0.56312987,  1.08353039,  1.227     ,  0.1044652 ,
       12.25      ,  5.8229114 ,  1.84041277, 11.52783061]))
Max no. 63 | (0.0035683337419320934, array([ 1.18208172,  1.72912129,  1.03980365,  1.17706869,  0.42234806,
       10.12146933,  9.39375561,  1.72233114,  2.06797296]))
Max no. 64 | (0.0034727003466271614, array([ 1.23569482,  1.7947861 ,  0.54525412,  0.95200156,  0.34503431,
       11.36414517, 11.48708381,  1.06915716,  8.8162195 ]))
Max no. 65 | (0.0034460195526704357, array([1.33798325, 1.19088486, 0.8466115 , 1.10466004, 0.39749625,
       6.18304368, 7.28878968, 1.69253977, 1.78611595]))
Max no. 66 | (0.003294436474284067, array([ 1.24971527,  1.61175429,  1.227     ,  1.22699469,  0.39897874,
       11.50129892, 10.616918  ,  0.10722301,  1.21      ]))
Max no. 67 | (0.003249953970222594, array([ 1.50254589,  1.24486546,  0.71569116,  1.19828129,  0.43739579,
        8.41719867, 11.85544183,  0.39308355,  4.4347946 ]))
Max no. 68 | (0.0032015817688370754, array([ 1.22532561,  1.3986622 ,  1.17575762,  1.07588492,  0.35203032,
        5.27747866,  2.52388056,  0.12659431, 10.69957515]))
Max no. 69 | (0.003121823412103468, array([1.18450648, 1.48549375, 0.63312919, 1.20431315, 0.2935467 ,
       3.01452218, 6.32706992, 0.83823183, 4.05220754]))
Max no. 70 | (0.00302788156614785, array([ 1.3107822 ,  1.1823372 ,  0.4760673 ,  1.18090903,  0.03681   ,
        9.18443508, 12.24965543,  1.14386471, 12.24951981]))
Max no. 71 | (0.0030206377516636797, array([ 1.46117215,  1.49344875,  0.14662256,  0.64456412,  0.04977118,
       10.5576078 , 10.40701096,  0.15714726,  8.81096023]))
Max no. 72 | (0.0029732713112773437, array([1.12709932, 0.82347943, 1.0128642 , 1.00961583, 0.09117977,
       7.59865976, 2.63529668, 0.76682659, 3.64947285]))
Max no. 73 | (0.0029276014717127766, array([1.06306835, 1.44693511, 1.00109903, 0.67360617, 0.49607981,
       8.22375436, 3.38261554, 0.4023942 , 8.46064474]))
Max no. 74 | (0.002865088335315217, array([ 1.42825678,  1.21806365,  1.07558311,  0.69123294,  0.30346628,
       12.25      , 10.26183628,  1.26687893, 11.97745594]))
Max no. 75 | (0.002864560947408716, array([ 1.41105911,  1.2208592 ,  0.6443452 ,  1.227     ,  0.61335956,
       10.8364964 , 12.25      ,  0.85237263, 12.25      ]))
Max no. 76 | (0.002859926277924378, array([ 1.19306192,  1.418783  ,  1.16084686,  0.13528702,  0.07441722,
       11.45460636, 11.79297869,  0.26510629,  7.77166323]))
Max no. 77 | (0.002800814878505999, array([ 1.34861614,  1.10221413,  0.69527887,  1.02330929,  0.49498836,
        9.63337874, 12.25      ,  1.8405    ,  8.75000723]))
Max no. 78 | (0.0027724898800376885, array([ 1.26508118,  1.81435248,  0.74760788,  1.15807437,  0.5494484 ,
        3.1504247 , 12.2499553 ,  1.49915801, 11.90742073]))
Max no. 79 | (0.002771868786578701, array([1.1581755 , 1.04827017, 0.95299669, 0.07919223, 0.06910342,
       9.33369681, 8.26832845, 0.38290594, 1.21012433]))
Max no. 80 | (0.002771632531397909, array([ 1.39086589,  1.20690292,  1.00318869,  0.72022615,  0.12685002,
        7.75786016,  8.82808642,  1.62383815, 10.86591907]))
Max no. 81 | (0.002756924754444116, array([ 1.22546345,  0.55559488,  0.09155585,  0.68944081,  0.10880657,
        4.18865019,  1.91180361,  1.27852045, 10.59477452]))
Max no. 82 | (0.0027237915089065624, array([ 1.48011026,  1.06523408,  0.73581525,  0.97781307,  0.41633592,
       11.5813787 , 11.32272685,  1.15884666, 11.10851189]))
Max no. 83 | (0.002698076128531845, array([ 1.589     ,  0.44538188,  1.227     ,  0.96237777,  0.23303788,
        8.83598976, 10.95556629,  0.77571551,  8.42841358]))
Max no. 84 | (0.0026629168382377388, array([ 1.13484917,  1.29399715,  0.85956169,  0.44199304,  0.51395883,
        9.72454467,  4.87832939,  0.15377764, 11.30395133]))
Max no. 85 | (0.0026568171340602058, array([ 1.20541473,  0.86212021,  0.94558078,  0.68798224,  0.57200456,
       11.22632827,  6.71414967,  0.8467998 ,  7.67338184]))
Max no. 86 | (0.0026543027273886136, array([ 1.58828243,  1.82620554,  1.07327948,  1.2257942 ,  0.47783225,
       12.23301634,  9.25018299,  1.72029438, 12.22653238]))
Max no. 87 | (0.00264384491406828, array([ 1.36473682,  1.3356025 ,  0.80750651,  1.227     ,  0.29573818,
        9.05182942, 12.25      ,  1.8405    , 11.04242784]))
Max no. 88 | (0.0026081267056751152, array([ 1.13841563,  1.09008731,  0.57855977,  0.66194434,  0.54042089,
       10.06360099, 11.95107922,  0.17432755, 11.39979769]))
Max no. 89 | (0.00260608739523145, array([ 1.05723327,  1.80280098,  0.93800411,  0.90386298,  0.21596828,
        4.28283835, 10.21809315,  0.14410716,  6.62479858]))
Max no. 90 | (0.0025053983597294774, array([ 1.52543277,  1.56746779,  1.04288326,  0.9636286 ,  0.2585828 ,
        4.81552693, 11.39877786,  0.86478278, 10.17180004]))
Max no. 91 | (0.00244838588377443, array([ 1.11660759,  1.50426258,  0.44182702,  1.04972037,  0.29668918,
       11.87192721,  6.00043584,  0.79640816, 10.52729111]))
Max no. 92 | (0.0024266231090770488, array([ 1.14348519,  1.7772257 ,  0.12189472,  1.11593635,  0.24265755,
       11.40048691, 12.15365143,  0.16764618,  1.38813282]))
Max no. 93 | (0.0023376416746111054, array([ 1.18582119,  0.4187736 ,  0.94334384,  1.02446103,  0.0847715 ,
        6.42967277,  2.50058449,  0.81508394, 10.16832424]))
Max no. 94 | (0.0023299359636725007, array([ 1.30596208,  1.26676563,  0.48292451,  0.97168136,  0.26756957,
        3.30432066, 12.06413611,  0.35998087,  7.11545107]))
Max no. 95 | (0.002326722731793536, array([ 1.16049407,  0.4126155 ,  1.13590308,  1.0578162 ,  0.06158515,
       12.25      ,  4.34960464,  1.27139621, 12.04275454]))
Max no. 96 | (0.002287708852475239, array([ 1.13428664,  1.02112647,  0.94411436,  0.27665101,  0.41898245,
        7.81801983,  6.53079769,  1.02308241, 11.3244116 ]))
Max no. 97 | (0.002273993239012096, array([ 1.18270138,  1.07661929,  1.03073366,  0.649136  ,  0.0582348 ,
        6.39333803, 11.96098686,  0.43008197,  5.84009175]))
Max no. 98 | (0.0022537590975679296, array([1.08202522, 0.90734838, 0.44941245, 1.21815207, 0.39299518,
       1.65809179, 3.58889016, 1.06139923, 5.71300644]))
Max no. 99 | (0.0022523949181786833, array([ 1.589     ,  0.36932452,  1.0753694 ,  0.38206922,  0.61345633,
       10.23442906,  7.818595  ,  1.8405    , 12.25      ]))
Max no. 100 | (0.0022109634886179883, array([1.12767522, 1.74331837, 0.73628066, 0.89533709, 0.45740421,
       7.24590723, 3.67199975, 1.50416833, 2.51800025]))
Max no. 101 | (0.002206708608893161, array([ 1.48949031,  1.47700638,  1.22699974,  0.97627088,  0.61349011,
       12.24999514, 12.24999741,  1.84049876, 12.2499838 ]))
Max no. 102 | (0.0020996662543218848, array([ 1.28965907,  0.31093566,  0.94943422,  0.87034871,  0.20634375,
        8.68028712,  9.87510758,  1.8405    , 12.24858249]))
Max no. 103 | (0.0019993860815032227, array([ 1.49584725,  0.63050809,  1.1392664 ,  0.76265991,  0.21954253,
        8.79628097,  4.91475333,  1.52058526, 12.24978731]))
Max no. 104 | (0.001993615181909234, array([ 1.48110381,  1.58599754,  0.26455657,  1.12069072,  0.3936178 ,
       10.10951525,  5.47290353,  0.75993531,  6.11025624]))
Max no. 105 | (0.0019933208671222935, array([1.194217  , 1.57631664, 1.05032426, 0.11895963, 0.28337472,
       6.84795767, 4.50839177, 1.60360297, 6.84661134]))
Max no. 106 | (0.0019757155820252026, array([1.16672177, 1.19494979, 0.46043868, 0.30873375, 0.44281961,
       8.84496142, 5.51859928, 0.29674763, 8.87085461]))
Max no. 107 | (0.0019700495007137415, array([ 1.32134474,  0.66359674,  0.51159951,  0.30402836,  0.42773981,
        3.85194575, 10.01640385,  1.37161022,  7.54706794]))
Max no. 108 | (0.0019621871584452537, array([ 1.44372854,  1.2637802 ,  0.9787114 ,  0.60260811,  0.25423201,
       12.06532808,  5.5547982 ,  1.7748252 , 10.25273217]))
Max no. 109 | (0.0019585629916097002, array([ 1.58892924,  0.60644475,  0.85185035,  1.22696479,  0.45190529,
        3.16387799, 10.69085988,  1.84020292, 12.24759501]))
Max no. 110 | (0.0019021023731905352, array([1.43465964, 0.32380044, 0.79478529, 0.62645608, 0.60684002,
       8.93771188, 7.4889805 , 1.25812131, 4.78141527]))
Max no. 111 | (0.0019004780185489269, array([1.43146848, 0.84902501, 0.03651426, 1.00049844, 0.34215577,
       7.26434573, 1.97884066, 1.52974666, 7.60813501]))
Max no. 112 | (0.0018952551618209258, array([ 1.08361312,  1.12798909,  0.91780389,  0.38815268,  0.12233666,
        5.94654427,  2.01435733,  0.92375335, 11.81435697]))
Max no. 113 | (0.0018891289134270568, array([ 1.55549566,  0.77779894,  1.22235472,  0.73283452,  0.50757637,
       12.15142309, 12.15093372,  1.75110335, 11.99889951]))
Max no. 114 | (0.0018828499370543818, array([ 1.48258957,  1.15136861,  1.22694877,  0.45046231,  0.3765354 ,
       12.2495454 ,  6.86161057,  1.8404378 ,  6.99061969]))
Max no. 115 | (0.0018698948976510563, array([ 1.49334573,  0.57421277,  1.02184434,  0.22302324,  0.0922416 ,
        4.13609342, 10.75619903,  1.33352512, 11.93408954]))
Max no. 116 | (0.00183572899431047, array([ 1.48724917,  0.96998846,  0.27503214,  0.46954664,  0.61096174,
       11.71637993,  8.42789705,  0.1664648 , 11.95341906]))
Max no. 117 | (0.0018341229249000473, array([1.23279512, 0.92027788, 0.94159996, 1.00984535, 0.53905642,
       3.06333208, 7.83829837, 0.28832571, 1.3354158 ]))
Max no. 118 | (0.0017933613824355939, array([ 1.14696958,  0.65991967,  0.31341382,  0.21505774,  0.17692168,
        5.3806155 , 11.58083006,  1.06363226, 12.07643787]))
Max no. 119 | (0.001766840747288724, array([ 1.40996404,  1.47378326,  0.84318982,  1.22697532,  0.25715507,
       12.24976338, 11.1543154 ,  1.84044176,  8.48119833]))
Max no. 120 | (0.0017546545188878424, array([ 1.4015937 ,  0.86963746,  0.78634898,  1.2262092 ,  0.28829182,
        9.26525507, 10.95623496,  1.5240586 ,  6.44214341]))
Max no. 121 | (0.0017517656508365426, array([ 1.37359165,  1.01372412,  0.30067736,  0.98656129,  0.41241582,
       11.43891533,  7.47856431,  1.81243579,  6.02959432]))
Max no. 122 | (0.0017241009704065428, array([1.19794916, 0.87250629, 1.11162436, 0.68686667, 0.05375862,
       5.2315494 , 8.5647602 , 0.65083785, 1.29361769]))
Max no. 123 | (0.0016563942223798817, array([ 1.12711557,  0.72927088,  0.84100916,  1.07083962,  0.39711987,
        9.3147643 ,  4.76986374,  1.45442706, 10.49414445]))
Max no. 124 | (0.0016563284496946633, array([ 1.589     ,  0.59375014,  0.87015913,  0.51860545,  0.07800711,
        9.80772727, 10.88079855,  1.25168742,  9.83579634]))
Max no. 125 | (0.001635596252081621, array([ 1.16112162,  0.74312437,  0.53436161,  1.15797739,  0.45272915,
        8.51489283, 12.24998924,  0.61983698,  7.15697895]))
Max no. 126 | (0.0016051750136485217, array([ 1.28615215,  0.64489786,  1.22589554,  0.77659571,  0.22649689,
       11.49764937, 12.24836881,  0.50563684,  3.84710416]))
Max no. 127 | (0.0015980599821305264, array([ 1.42528346,  0.81637426,  1.19071757,  1.14007276,  0.16273862,
       12.24478781,  6.77467392,  1.00996435, 12.21682413]))
Max no. 128 | (0.001594940650431781, array([ 1.28121943,  0.69675758,  0.6842318 ,  1.227     ,  0.18737149,
        6.3844144 , 12.25      ,  1.8405    , 10.38946177]))
Max no. 129 | (0.0015752783895831566, array([ 1.54137437,  0.72053936,  1.22699728,  0.7673467 ,  0.46482598,
       12.24998538, 10.6684663 ,  0.01253764, 12.24999975]))
Max no. 130 | (0.0015560187085076123, array([ 1.58898034,  0.89797368,  0.9988466 ,  0.5825311 ,  0.36495151,
        8.65330765, 11.60205228,  1.8405    , 12.24955015]))
Max no. 131 | (0.0015556144231445178, array([1.14353292, 0.58542524, 0.55424881, 0.86563845, 0.31297836,
       6.90116868, 9.76090184, 1.59433605, 8.29494889]))
Max no. 132 | (0.0015482360548079441, array([1.45696036, 1.43682316, 0.38263522, 0.86416929, 0.33588361,
       5.44156281, 3.75004328, 1.54135941, 7.42275475]))
Max no. 133 | (0.0015138806407592846, array([ 1.16817156,  0.76370284,  0.72076853,  0.9975513 ,  0.47616344,
       10.57027585,  2.34982092,  0.67697234,  1.72850238]))
Max no. 134 | (0.0014574072833167502, array([ 1.36303183,  0.14466267,  0.31605151,  1.00585466,  0.11660618,
       10.92871865,  3.19482896,  1.62049798,  8.19901573]))
Max no. 135 | (0.0014381584008788444, array([ 1.58010699,  1.38067012,  1.12707613,  1.12548335,  0.25916519,
       10.80305127, 11.63778159,  0.01881839,  7.4548899 ]))
Max no. 136 | (0.0014329175362312832, array([1.32653121, 1.05705477, 0.33504485, 0.47109793, 0.3690298 ,
       2.64725116, 8.73837474, 0.60854863, 7.8449221 ]))
Max no. 137 | (0.0014196249027712462, array([1.41741721, 1.7603139 , 0.92034471, 0.83879897, 0.55843895,
       4.390505  , 4.57772548, 1.27649299, 8.71411358]))
Max no. 138 | (0.0014132586368884852, array([1.10488556, 0.50232711, 0.83290642, 0.4240055 , 0.32231977,
       8.27377104, 4.4174602 , 0.19413236, 3.27253295]))
Max no. 139 | (0.001406556394371061, array([ 1.22424364,  0.25908105,  0.72885787,  1.22676555,  0.24401434,
       12.24999579, 12.24999307,  1.84049971, 12.24999402]))
Max no. 140 | (0.0013952119277665525, array([ 1.47936375,  0.42425563,  0.97659993,  0.60988115,  0.03847771,
       11.66354375, 10.17039967,  1.71724131, 12.24999134]))
Max no. 141 | (0.001362149643725011, array([ 1.41094536,  0.76137096,  1.20740736,  0.71855653,  0.24039772,
       12.24997076,  8.77452021,  0.95225057,  6.31636826]))
Max no. 142 | (0.0013483325571368252, array([ 1.11594496,  0.53558534,  0.24928181,  0.89135488,  0.58449012,
        3.19440597, 11.89608056,  0.32454857,  7.06215081]))
Max no. 143 | (0.00127957346354711, array([ 1.17044848,  1.6356097 ,  1.09186054,  0.87956386,  0.04479105,
       10.455236  , 10.98558673,  0.35663541,  1.21204354]))
Max no. 144 | (0.0012669443188235167, array([ 1.04383988,  0.30167674,  0.75635591,  1.01062978,  0.19257163,
        5.67074723,  6.55007281,  0.61635994, 10.99036195]))
Max no. 145 | (0.0012522199591998193, array([ 1.58897126,  0.5183078 ,  1.22698005,  0.42232999,  0.3530933 ,
       12.11909599, 12.25      ,  1.8405    ,  9.31287659]))
Max no. 146 | (0.0012262029288724566, array([ 1.589     ,  0.33543158,  0.74777602,  1.227     ,  0.23233363,
        6.87306639, 12.24961875,  1.10543543,  8.10913263]))
Max no. 147 | (0.0012235169721277852, array([ 1.35363113,  0.67727863,  1.05669989,  0.03112174,  0.22315025,
       10.50826709,  2.21941626,  0.9082248 ,  6.13463681]))
Max no. 148 | (0.0012187236349599313, array([1.18128213, 0.27273252, 0.93903623, 0.39810167, 0.24757774,
       9.58434132, 6.46316631, 1.54100441, 8.83505845]))
Max no. 149 | (0.001195469547855182, array([ 1.24781127,  0.31784924,  0.54693153,  0.4188986 ,  0.55055938,
       11.88411574,  4.73518272,  0.08232554,  8.12635306]))
Max no. 150 | (0.0011857092844659205, array([ 1.21360745,  0.60069525,  0.99485317,  0.11328268,  0.3190735 ,
        6.25010823, 10.31492536,  1.84016928,  2.65791553]))
Max no. 151 | (0.0011696995550346766, array([1.35494577, 0.52499791, 1.01140089, 0.29030381, 0.58605491,
       5.58432559, 9.01867076, 1.75340573, 7.163078  ]))
Max no. 152 | (0.0011643634302414387, array([1.12027278, 1.16254846, 1.11717378, 1.21634237, 0.56871067,
       6.01989912, 7.86203433, 0.13679838, 8.46777662]))
Max no. 153 | (0.0011566083277515283, array([ 1.23870058,  0.47601624,  0.27720704,  1.22042651,  0.40483254,
        7.52968055, 12.25      ,  1.8405    , 12.2193202 ]))
Max no. 154 | (0.0011518733474844744, array([ 1.2127912 ,  0.71375727,  0.96685294,  0.3073536 ,  0.13728901,
        5.67096917,  2.28176253,  0.99286892, 11.16215311]))
Max no. 155 | (0.0011419097048524258, array([ 1.10539869,  1.32300624,  0.37452434,  0.48069501,  0.15275341,
        5.14920056, 10.44548973,  1.76305931,  8.38627338]))
Max no. 156 | (0.001111913162948172, array([ 1.58360208,  0.35452089,  0.70982604,  1.21563287,  0.45945256,
        6.80693611, 11.45740368,  1.05390231,  5.7008153 ]))
Max no. 157 | (0.0011051009835190946, array([ 1.27561842,  0.95101321,  1.10403103,  0.42026719,  0.31772893,
        2.65402912,  2.99558835,  1.20828182, 11.74012378]))
Max no. 158 | (0.001030206073449163, array([ 1.58894476,  0.79454032,  0.9421851 ,  1.22343298,  0.38904332,
        4.1958707 , 10.33718202,  0.01230489,  2.94906419]))
Max no. 159 | (0.0010225903097313654, array([ 1.39933898,  0.82954371,  1.22696891,  0.94208622,  0.18458454,
        8.8755048 , 12.24974633,  1.84042261,  8.68555754]))
Max no. 160 | (0.0010045545062893505, array([1.5850751 , 0.95604924, 0.30900665, 1.20541755, 0.40590165,
       3.57885048, 8.26897549, 0.63341449, 9.42175988]))
Max no. 161 | (0.0010014493818344579, array([ 1.17788015,  0.17656593,  0.48278689,  0.93493079,  0.12052382,
       12.2499022 ,  6.18963843,  1.8401213 ,  6.26626691]))
Max no. 162 | (0.0009760730142438303, array([ 1.31243746,  0.26341508,  0.5422878 ,  0.59401212,  0.41437368,
        9.48554452,  7.9639867 ,  1.48000418, 11.94559635]))
Max no. 163 | (0.0009625473115343515, array([ 1.33560437,  0.24915917,  1.21502027,  0.55760937,  0.33637453,
        7.33188332,  5.06155654,  0.84285275, 11.89868958]))
Max no. 164 | (0.0009201592246226457, array([ 1.58894231,  0.28898022,  1.19165042,  0.95459622,  0.41761204,
       12.01401554, 11.61432858,  1.45255983,  9.19608514]))
Max no. 165 | (0.0009100967994603065, array([ 1.0557158 ,  0.88959049,  0.77125268,  0.72890009,  0.26508076,
       10.34762426, 11.62535374,  1.79173059,  5.06424385]))
Max no. 166 | (0.0009036029746538565, array([ 1.58899687,  0.40533945,  1.11347511,  1.22699836,  0.39731403,
        7.13212849, 12.24997732,  1.84048568, 12.24990624]))
Max no. 167 | (0.0008748118291192323, array([ 1.589     ,  0.49626498,  1.227     ,  1.19099482,  0.5925516 ,
       12.25      ,  6.75903257,  0.01227996,  5.88280698]))
Max no. 168 | (0.0008660837343039341, array([ 1.38697823,  0.13429174,  0.92204014,  1.22699668,  0.30056355,
       10.84243239, 12.25      ,  1.55679106, 12.25      ]))
Max no. 169 | (0.0008553772458816529, array([ 1.48536326,  0.4876098 ,  0.0262409 ,  1.19672883,  0.44515166,
        6.82593902, 11.565715  ,  1.8404965 ,  7.48950342]))
Max no. 170 | (0.0008388723219390549, array([1.31705067, 0.63610335, 1.22360406, 0.76710414, 0.16827688,
       9.25881009, 6.95274897, 1.4897697 , 9.00651998]))
Max no. 171 | (0.0008284911984777301, array([1.58897757, 0.61991313, 0.95146891, 0.89647843, 0.56016764,
       3.38595307, 8.78729236, 0.83217846, 5.95992351]))
Max no. 172 | (0.0008265991093232422, array([ 1.57822142,  0.38198578,  1.227     ,  0.73109165,  0.221396  ,
       12.25      , 12.25      ,  1.8405    , 11.6586091 ]))
Max no. 173 | (0.0008015610384530448, array([ 1.52231822,  0.51312455,  0.40155321,  0.12884996,  0.47658899,
       11.75593327,  2.56289546,  0.22635952,  5.77493127]))
Max no. 174 | (0.0008004494115201258, array([ 1.09201741,  0.22143965,  0.94566535,  0.47905701,  0.36138321,
        4.3790144 , 10.1279506 ,  0.26319116,  8.6196559 ]))
Max no. 175 | (0.0007932538202275901, array([ 1.50176791,  0.0701343 ,  0.6719055 ,  1.06980569,  0.26516417,
        7.92890925, 10.12008057,  1.17752086,  7.75687994]))
Max no. 176 | (0.0007928278366572998, array([ 1.10050021,  0.09893011,  0.74256529,  1.0948418 ,  0.50770522,
        6.58830234,  4.29588752,  0.17738358, 11.06363297]))
Max no. 177 | (0.0007565053962097401, array([ 1.58878473,  0.12480696,  0.71452823,  0.99724547,  0.22120042,
        6.94777141, 12.25      ,  1.17429031, 12.24979193]))
Max no. 178 | (0.0007363456583975305, array([ 1.24877158,  0.3880156 ,  0.39819477,  1.22104367,  0.07510781,
       11.12363582,  1.56431024,  0.87952521,  9.48154769]))
Max no. 179 | (0.0007306854665340404, array([ 1.589     ,  0.24075195,  0.64887556,  1.07705937,  0.47878175,
        8.38584858, 12.25      ,  1.8405    ,  9.35631898]))
Max no. 180 | (0.000715590925224716, array([ 1.04285461,  0.3664784 ,  0.45089734,  1.03927755,  0.13297336,
        9.71911878, 11.90233958,  1.75437422,  9.0455593 ]))
Max no. 181 | (0.000715213154121758, array([ 1.57157311,  0.20698517,  0.80868044,  0.90997431,  0.6134736 ,
        5.29581018, 12.24889944,  1.83812111, 12.24108654]))
Max no. 182 | (0.0007103881195622432, array([ 1.15296831,  0.34340357,  1.22695037,  0.85621753,  0.35086308,
       12.25      ,  8.36238868,  1.8405    ,  9.87412619]))
Max no. 183 | (0.0007019420120523695, array([ 1.40828188,  0.0635375 ,  0.70019638,  0.93198362,  0.40669307,
        9.80043929,  7.54262707,  1.8404123 , 12.24954157]))
Max no. 184 | (0.0006814849094005236, array([1.47277497, 0.09265454, 0.4342819 , 0.65729874, 0.15887793,
       7.49816399, 5.06699209, 1.83648238, 9.67057956]))
Max no. 185 | (0.0006510144984164548, array([ 1.58872841,  0.16252176,  0.66939468,  1.018133  ,  0.44282639,
        4.76757658, 12.24999863,  1.84037997,  6.2268681 ]))
Max no. 186 | (0.000628485870829091, array([ 1.57692485,  0.15544087,  0.61831559,  1.227     ,  0.43477034,
        6.24537501, 12.24951728,  1.8405    ,  6.18139848]))
Max no. 187 | (0.0005776174254302935, array([1.58812843, 0.46248802, 1.22644464, 0.65938328, 0.34646571,
       6.88177044, 7.71196813, 1.47013957, 9.43953742]))
Max no. 188 | (0.0005610968357232348, array([1.37433057, 0.11415916, 0.16742829, 1.227     , 0.18964509,
       7.21305444, 5.62393484, 1.19265642, 6.22418633]))
Max no. 189 | (0.0005477385038017519, array([ 1.589     ,  0.2316576 ,  0.65643509,  0.87089633,  0.39321805,
        8.12974562, 12.25      ,  0.92043121, 10.35511474]))
Max no. 190 | (0.0005026421338405433, array([ 1.589     ,  0.28337959,  1.22647119,  1.15001188,  0.32481742,
       12.24845607, 11.53747569,  0.92341301,  6.40625201]))
Max no. 191 | (0.0004672870724622196, array([ 1.32033663,  0.0853992 ,  1.09020761,  1.227     ,  0.03793324,
       12.25      , 12.25      ,  1.21804079, 12.25      ]))
Max no. 192 | (0.000422437245942219, array([ 1.24749066,  0.05795573,  0.76586191,  0.4084761 ,  0.15476955,
        9.08499165, 12.10269348,  0.79157702,  5.646773  ]))
Max no. 193 | (0.00041069741590285004, array([ 1.32072454,  0.18089397,  1.21507853,  1.22699932,  0.03681014,
        8.74997136,  9.05178341,  0.45597229, 12.24997558]))
Max no. 194 | (0.00040543972715698253, array([ 1.589     ,  0.2032409 ,  0.23142006,  0.70482896,  0.03732407,
       12.25      , 12.25      ,  1.8405    , 12.25      ]))
Max no. 195 | (0.0002873761969130815, array([1.47860494, 0.11153179, 0.7746349 , 0.94135214, 0.31954573,
       6.54732477, 4.39643219, 0.89722651, 2.04330922]))
Max no. 196 | (0.000286124520262781, array([1.46464009, 0.04491271, 1.01891681, 0.32020829, 0.13483741,
       9.39396316, 6.70287628, 0.7683952 , 3.09316249]))
Max no. 197 | (8.261627451950478e-05, array([ 1.2813497 ,  0.02596735,  0.55491881,  0.17623664,  0.20645635,
        6.69785318, 10.4823514 ,  1.66194796,  1.76590338]))
Max no. 198 | (7.273087939087082e-05, array([1.48153113, 0.03290087, 0.63523138, 0.53080064, 0.43898261,
       8.49207878, 2.82710744, 1.19325319, 2.64501162]))
Max no. 199 | (1.5405492858616788e-06, array([1.13817488, 0.01911501, 0.68117962, 0.38599086, 0.3158266 ,
       2.62690399, 1.48530165, 1.25059809, 1.24630237]))
------------------------------------------------------------------------------------------------------------------------------------
